30479 24598 5217 15949
27981 5745 843 9177
27921 12341 27666 17294
2835 15621 30296 25301
558 11045 15076 19630
29040 23869 4688 13719
16493 19801 15361 5809
7640 24883 29021 17438
19540 21429 14647 17069
12679 22458 3982 8377
23408 22549 13688 22094
28667 30932 15705 28814
15059 15814 10072 3155
19832 31290 8724 25622
26001 28170 17298 29968
3459 13272 20091 672
11074 25752 22404 26346
29032 5198 24365 13256
26244 3097 13230 16094
30388 25969 12078 17928
17270 27309 9783 28923
9659 24776 6759 2344
5693 7780 1384 26851
28691 5135 20514 26052
16770 10694 18990 14925
7959 5559 13710 13006
11506 4171 15004 8582
21093 2404 22593 24075
19390 17124 9319 21484
3680 29806 28849 25748
13081 23664 10089 8305
23215 25185 29882 6998
16572 11847 4127 24606
28860 22909 14875 18323
20837 7347 16939 13966
31287 7990 10489 1887
1875 19314 13010 8814
24464 19637 348 2595
8396 6709 29566 24068
9856 13141 7851 6429
24215 28964 19517 4005
24705 4390 30779 28638
31363 23896 26177 19005
10577 5486 30141 25803
11742 97 1630 24011
13683 13603 202 24989
18431 15803 22416 30690
28846 20339 5213 11233
21692 25956 17778 5162
11404 8764 24405 122
21236 29250 26311 15580
24283 3732 30455 27928
31495 17843 30709 6985
28720 11586 6505 9930
5465 8459 25989 22612
6752 13123 56 29802
24787 29199 26277 19700
22277 9799 17107 5674
2401 28537 10150 691
24063 24881 18702 27406
11893 1399 1150 1074
13296 26778 19872 26993
31107 4652 21319 164
18622 3918 28837 26495
17539 29230 16062 11596
9749 27341 23068 13242
20594 23814 12484 9226
11747 6092 27754 119
3025 4531 19681 21964
26842 20145 1749 3420
26916 21286 31420 31252
25841 18459 22538 19946
17780 13511 164 15482
9188 29016 16536 9200
24270 14064 11787 15657
6575 28909 17779 5909
23234 13165 5638 24928
15127 31505 4721 19025
23781 6658 22990 29682
7201 30258 3280 17521
11599 31973 833 5574
7833 28527 30127 2198
28446 27967 28514 345
12428 24348 7313 440
26353 10159 18645 3125
6862 15682 8669 11289
20846 4295 4708 9603
24437 26140 18784 15325
18876 397 16764 26743
10332 20123 23753 22386
16393 25595 26800 11230
17826 2274 7724 20255
5 8064 29238 20373
15400 6346 19072 4732
18278 21885 27237 23824
25622 6240 11296 30965
27746 28105 23101 30679
5975 11362 15694 23118
5176 29485 12767 7684
28696 18630 23212 30489
31143 16361 17169 14534
5965 17715 1473 12609
17269 31277 19387 31969
9004 16774 14202 5251
27370 24736 4204 6956
1455 23119 17062 12016
12882 26333 1750 16658
2838 11601 18041 14700
11135 8688 4174 26897
26724 11781 12554 4146
20036 1246 17485 31550
23006 18967 20949 31565
7931 27931 19186 15807
20879 24039 31801 18208
25856 531 18301 5455
13766 30985 14843 11488
28980 21152 21205 5566
12181 29382 3522 2837
29819 28568 1539 25199
2388 20122 17817 28189
26174 6720 5301 24280
7453 28852 23920 26792
31466 28627 30652 12037
21326 8824 29082 15420
10863 21246 10126 2069
12554 26368 16720 20915
18114 10339 26309 20667
30391 8087 16685 441
8795 25369 7326 4543
20097 61 15793 11599
18103 24874 16251 13946
2774 21542 3519 9802
15063 6164 20321 7518
29928 4666 21790 26580
22975 4424 24699 30828
11055 16790 22267 7913
14585 13998 13717 189
4068 11786 22629 732
7952 28447 27298 26616
18311 27802 4816 210
2581 2793 12087 18144
18266 12285 13971 9535
17949 78 4365 8136
29667 27936 108 631
5056 30725 22147 24085
20334 20388 19701 11032
24220 10680 26905 5061
14472 350 26935 10647
976 2181 20470 2532
14470 12240 14103 13758
10370 16254 14947 8472
25084 3772 3810 15657
8282 298 6734 534
16198 28306 7879 15307
25604 5375 20168 7721
20738 20468 23898 25703
6065 25073 24200 692
7316 13627 3090 6423
8599 3294 16998 27299
19105 18163 18891 13257
20588 5151 16352 19715
21909 18524 13637 7868
4591 10492 21400 624
18461 23531 8099 15624
14688 23604 11219 21906
2989 6086 20204 8979
22019 6777 13052 437
18171 27212 20622 7965
6561 30960 10783 13863
19586 20107 23510 4533
20230 20918 21359 17370
6400 20679 17529 5697
24708 12374 11457 19660
25081 25338 16 31610
28270 3668 14862 29582
13362 335 10641 3054
30110 24485 24565 18633
8758 9894 16865 9852
1521 28469 20023 2999
724 4371 17475 9947
2245 2912 31289 15015
16287 22110 30686 7700
6018 633 10629 29565
13165 18564 16189 23299
25102 28486 3145 9264
6360 10805 31440 17115
9559 21889 26582 2891
2240 13140 31595 31135
12749 3673 20770 2156
2247 25979 1221 23209
484 1263 30535 15560
10708 12404 24570 16678
24727 17113 260 31653
13969 26304 268 8343
8160 19619 26678 2783
29165 532 10840 27986
24385 20041 4710 13156
26011 14295 19756 21760
25151 6078 15678 8631
16528 23974 15921 18205
30433 26984 10250 5744
17801 7632 9975 19835
27701 4258 15165 26298
18819 31706 30066 13503
6348 21560 17132 19668
16960 10492 24185 1250
28985 12527 14672 2194
25801 10402 28744 18865
11925 26106 8520 20441
21479 17644 13567 11086
1278 20870 28885 3878
24233 21295 25889 22189
27156 7471 2972 31239
20193 18546 10774 13847
27514 14984 19815 27552
18342 7665 28841 31146
5467 12184 9380 5928
13268 1437 19338 28631
26850 13143 15589 2153
17543 28314 26061 11747
25281 6709 14686 29764
678 22975 1385 2151
4523 4756 620 22826
24144 284 7610 23504
15578 12617 4358 28580
31607 15722 29184 9439
6794 19998 30548 27340
21062 26787 18398 26922
5756 12371 15642 2258
3249 21613 10716 28570
10356 2840 31041 29560
25071 15781 14821 18667
15035 18965 26966 28822
1273 221 5065 10286
8350 11747 7180 25239
8974 4050 16316 2890
7405 14480 11192 6394
29233 25604 13525 13175
30844 27166 2260 28882
20394 1307 27537 28098
10405 19716 21628 17734
28289 3192 77 11148
1477 21164 19188 12306
5638 26288 26063 27403
4539 758 15904 6660
28748 26634 10174 28615
20076 27053 8203 7040
26793 12547 15653 19230
9281 287 7521 11516
6712 25290 27381 13505
22695 12419 18420 10117
20055 9156 13952 13109
5262 18311 20795 5432
2857 29705 26622 5202
31467 14286 21710 20937
12821 20965 7435 13767
20279 8557 13035 31488
11845 11864 27431 7572
11245 12143 31476 12599
13096 12694 4661 25231
18704 17490 26095 10205
2801 20360 16125 25824
21154 30344 24837 1527
29974 11337 23978 22149
20270 23798 10243 5785
5329 20650 31820 5071
5695 11129 28636 18801
28578 11951 15703 19426
22247 8028 8485 829
31691 30224 23075 31033
11833 15331 8856 15952
16083 14520 13674 10784
19919 22211 13202 31505
31748 24393 207 6456
12868 29863 22164 123
29421 28054 24655 5622
27067 30125 19398 27806
11744 5928 19160 15652
27223 4583 7023 5405
24693 9146 16051 351
30913 9691 12414 14254
22021 9148 13072 920
7845 20227 773 31389
28720 29907 1924 15251
12597 22606 21176 15689
13656 5720 1668 28779
26532 30365 29042 14501
28451 19925 30701 267
428 21831 7601 28601
22781 7051 17279 31926
268 29333 27925 28703
24212 497 9053 2945
24828 19526 18149 25222
27226 2856 26255 9940
2762 23564 28298 27442
17414 19347 17280 8684
7738 25613 7697 23161
533 30783 14977 604
30489 2916 12461 11592
31040 31345 2116 10375
12473 19101 23859 23965
26894 16673 10337 18472
15470 10300 157 778
31814 25979 26581 12490
2065 17719 30856 17208
1648 8031 1917 26192
13437 14712 3510 4705
16220 2529 28320 2415
23572 16476 28300 17365
4509 14282 28002 4142
26939 13622 14740 27254
30986 6165 3922 20077
31961 24524 6141 2364
28987 10867 223 20059
25820 4313 26646 5042
29714 968 29400 30975
8884 3722 30679 15991
2095 8875 15099 3760
470 20737 20312 8126
24442 5098 18528 28573
15931 3797 2903 8143
1437 26372 21768 13381
15071 6544 18359 14723
7816 29357 5462 5632
18498 2607 6652 2763
13547 26957 31378 10100
31466 15781 7120 13610
6335 15745 1384 23841
4574 8537 1408 3639
19902 22169 10342 26070
27949 20387 22655 8220
2534 5400 14977 21305
5221 31828 6626 31257
17402 10039 31121 4676
19741 12587 7395 20738
20993 11618 7376 13250
16748 23136 23903 28604
6085 11962 30559 1238
13935 8989 27224 30660
17749 23953 10945 30580
21190 8703 24691 29097
9604 11249 26974 23270
29975 21914 29819 11661
31847 12310 18689 25672
6794 28915 3548 29608
30171 22767 9563 1804
21836 30723 28969 1221
9213 29345 4734 7543
21261 11323 31382 27330
3504 31492 24419 24866
29569 18682 26751 6420
19738 17956 10340 13179
28386 4120 13791 23873
15911 29377 31170 13889
3181 9823 1242 8037
15621 11983 544 13323
26849 16397 6451 29358
29862 19447 21766 22722
19715 7508 25302 30175
15682 9236 15712 14882
5148 22233 6224 977
2770 19895 8188 12349
8825 31288 24914 13293
27541 8356 28175 250
27626 30335 4403 10931
5775 2642 10161 18828
2628 22703 29034 14902
2565 12911 28252 25863
25568 22590 7191 21150
14851 28506 10097 26312
25113 13207 26235 17061
20183 2727 11956 4614
14289 23704 23420 18458
29587 21918 6347 3914
14317 29971 17954 28769
13454 3516 1474 29936
15316 6990 19485 18673
28131 4400 906 8106
6645 1667 6204 24532
18929 25440 117 23293
11326 29536 5367 5163
20441 354 19900 22978
26277 24712 14054 13991
515 1667 12793 424
165 6929 22344 31249
3226 8387 2989 29866
7348 6916 7805 13251
1035 21847 955 6052
11480 12256 398 27693
13194 5414 20459 11453
11029 25 15774 16210
31629 8525 1385 27377
3827 18063 4225 3400
16463 16283 31555 21394
16638 3362 17702 31419
26702 16149 15599 23236
8520 31519 38 16746
27341 19571 3266 24578
7653 8391 30770 20648
28243 5792 30330 30360
22893 209 28337 15836
30506 17214 29109 298
24957 27878 31776 1282
9697 13089 5239 2853
30005 12837 6565 6440
1483 5839 21928 8027
23484 5537 10379 17650
27518 21255 24468 12901
19128 8414 3262 23318
25428 13622 29289 2613
23766 15959 22353 14048
12269 30723 22205 25487
6216 9723 249 3248
22699 6085 24581 27278
1346 6571 13455 2679
18485 30471 545 798
21628 29118 10642 18494
31477 21259 25801 24960
5556 31102 3746 2207
15770 2116 13351 29386
299 7080 1030 18762
31638 9946 17730 5476
16160 24303 9767 9089
7585 22314 30595 8588
27747 12922 10259 31900
30772 3651 5180 16851
29373 2657 253 1670
18959 4715 16671 7069
7807 19508 6070 4157
19124 20376 709 18341
12798 2933 11068 9814
18665 31735 20264 6775
3091 5657 3883 887
22842 3176 12329 15604
24217 20746 9541 20700
5237 30976 30220 5330
29939 25768 21743 14035
26156 20870 31223 27
2691 14659 5556 15679
27447 8694 28791 20135
12596 17315 2497 31769
24623 9985 19450 14508
18417 8577 10342 7146
8179 21131 12118 26927
300 1547 30875 9810
12839 8236 28736 1415
31064 30307 23417 9860
27056 14768 10710 29411
23919 22049 26300 6600
4922 27543 24342 28355
8557 17356 20296 12280
13234 27029 11620 30589
18131 17765 25505 23555
22220 25363 3849 1209
13093 17629 5745 13421
28030 26540 11694 4084
5740 23706 6406 9165
15491 7089 17637 27905
25012 29685 1489 26957
23258 15525 5280 29315
19855 11199 6889 26926
16452 30146 25528 29301
28817 6839 1158 19778
25545 1138 4712 675
26066 23062 14214 30064
27187 11479 15567 5422
879 25092 23531 14387
25746 326 28017 24843
8457 13856 18267 29467
7862 26561 24503 6788
28228 25083 1951 27466
186 7307 21098 31670
22857 17821 38 250
28274 18578 27196 7441
1349 12799 1405 8432
25602 5369 9279 7643
20712 21904 13791 13073
26187 31897 22636 7342
27879 30897 9635 7374
12404 28798 19486 759
635 2616 18632 16559
24423 19560 21652 3699
27103 31728 23151 15309
12371 6988 2419 22461
28885 28439 22365 30298
20267 11217 1857 27834
12578 12511 2172 1046
13605 29907 16875 26666
30477 1774 7514 21723
5947 18915 26431 18204
14308 19422 22185 13586
25773 24517 20851 4470
6264 23486 16573 7740
21885 8433 2460 21106
924 20623 275 22378
2289 21011 23096 24859
20650 3784 8642 26053
13333 1675 29093 30932
31229 8658 6674 19719
24631 25837 5288 8657