30619 28027 19712 2096
12756 10755 3606 14376
17023 10118 21306 19188
4535 6217 1519 17175
6852 16898 28261 15383
28386 1421 27733 20435
21828 3808 14125 26135
11353 16705 26989 8814
28750 13239 23377 25655
2772 20926 4272 3323
20515 29758 15908 254
19775 1726 10603 5652
19322 3285 26893 25782
11578 7138 18239 12117
2044 7421 19464 21486
8089 27438 12962 31711
9928 8668 20003 251
26853 12168 8541 9942
16625 187 11778 23405
473 22332 16140 18915
13307 8583 12891 7333
19430 26235 1440 25523
15969 6483 10875 10303
5552 27095 26080 24182
27666 25811 16063 10654
28558 30921 16356 9825
21231 13027 4380 12136
20494 18475 11161 20524
8015 16126 11671 23049
2158 19646 4416 20373
28796 15304 19149 6703
2340 28070 4591 15835
1331 19845 23149 591
30296 18153 16398 12355
14375 5279 27065 5656
3172 31732 10203 7830
19583 18468 21001 22285
21595 6677 10215 22945
2643 24645 14664 9448
10367 2817 6550 4533
11059 20697 25205 23342
2249 5968 18851 27941
5793 21464 20002 27813
16229 30973 16538 11978
28306 17376 11001 4566
21812 233 23388 27778
27633 1715 5682 1938
22088 14930 13214 21932
2843 1974 11294 23914
26219 19302 22635 2478
2148 17012 26784 21558
9625 10671 22173 370
11408 23833 22446 19599
25729 2972 4456 30430
26971 21240 5588 17748
10504 22528 27344 2409
17906 12038 8369 27177
710 10388 15405 13959
7032 22109 30585 12787
12167 23666 7854 3887
8578 25273 2929 3422
4043 15004 979 27486
19099 3326 118 9559
27462 9331 7666 12436
28864 10160 15734 10642
1376 22592 6323 10327
20965 10617 19701 12037
439 17327 8595 26287
23663 18343 3466 7787
6296 26190 16485 16553
19383 8363 12896 12995
7050 17427 718 21205
5262 30364 5045 1998
18883 26580 26051 6087
8627 31154 20318 14484
29873 30156 15381 3737
24671 8907 14657 3551
29811 19996 10469 29032
7354 7657 7129 15551
27741 16200 5928 31698
11875 17586 18614 13572
24439 18614 28454 16767
29931 10478 30970 713
5374 27955 7932 5269
9306 12045 223 11746
19681 5485 29469 31810
25001 14495 16682 22131
17477 634 16076 15158
12103 24282 5568 9565
2562 20560 21668 26150
10645 15639 22547 31175
8997 2122 20240 2634
4969 19285 24232 5275
622 17322 10451 25568
12942 18613 15004 22280
15820 24081 9601 9383
31810 13820 18461 4353
16622 14344 2564 19044
4535 24596 3823 24508
5038 2427 9497 1377
3219 31371 29416 7219
7579 17465 10192 12009
7024 18962 13429 22950
10106 1653 19983 20429
28253 24320 16659 29719
12227 7496 22288 14051
29531 24525 21462 11981
3874 5933 19934 8065
25313 25495 26086 25298
27894 26243 8668 26630
7256 23712 28413 15732
982 5134 3902 22610
21151 4814 30187 3784
13831 375 22414 30792
2184 11818 28946 10274
29191 15303 18984 30291
23897 20833 30442 19102
26374 24048 7358 7647
10573 17478 15998 9627
2408 837 5078 24027
27153 11854 28653 25915
26436 18940 31559 24382
585 24851 17642 20708
19688 26035 28351 11135
14086 13010 31036 31170
14674 16873 29248 25371
10839 26860 2878 31043
8888 13440 23198 1043
27065 12905 19552 16281
2817 16449 1539 16491
31135 12912 16805 29243
25674 26456 25707 25772
7917 6864 21539 23140
17763 3540 20520 20066
31614 22138 20870 25490
28239 27688 13919 29343
31393 17413 15502 10761
7367 4525 3977 29815
3480 41 28044 6478
12471 30494 10228 19330
14360 16452 745 6829
8383 8474 14399 31326
27851 15577 8606 21427
16052 21158 19937 21802
14801 11275 1469 29876
19485 20392 931 22539
17722 19494 25319 5958
24246 12141 2593 3499
6542 281 5332 11460
5360 16164 77 1461
16965 28655 8142 31948
6767 29792 7148 23386
14415 22372 310 13249
31883 28570 8727 19407
7822 15440 20478 330
20176 3757 12219 23756
20055 21295 11565 18129
8062 3929 21018 4879
13301 26533 1118 22022
15369 16832 28488 14551
31525 22262 7233 16217
17817 19179 432 13418
2971 6797 30488 12419
5515 30534 4490 28304
21884 25206 827 25342
29167 7456 11117 18709
28129 16356 7061 6792
4617 3885 27324 9546
31579 24491 22565 13220
29392 7940 304 31365
29289 21702 11902 16921
31602 12193 31830 31900
8708 29395 25160 16241
29133 22499 24080 21102
4115 14482 17853 18811
16119 5391 1298 23643
9719 19050 18988 28873
951 3403 25957 2759
11521 31972 24697 5939
12 25124 4327 17563
6903 28461 10650 24146
14495 4873 4041 24003
11923 13720 30492 9734
6492 28621 2320 7601
23555 5146 7068 6897
11223 6953 15125 21977
2410 18637 2895 21753
19165 7480 17413 2099
7005 26222 19578 1482
5102 1530 14945 7612
20839 16095 14330 14162
11198 8145 5503 11509
29318 23973 2494 6723
21174 12807 26119 20578
18860 4715 16712 25748
18802 21318 24183 3340
29247 2941 21040 16385
1345 19485 11168 18688
29849 78 9377 18566
13480 2434 7462 20942
12937 27634 26074 6888
5086 8011 7684 29451
9168 22436 10414 29484
4433 23220 8 7375
25252 13634 22020 23326
16928 25820 1357 6712
2097 18892 27992 26827
9887 30024 26319 22501
22803 10217 5432 3335
16087 5215 28372 14972
16861 14946 31687 29160
28419 28139 4218 1316
9109 24229 1854 26953
13331 13214 15666 20491
28725 3907 22118 27465
10285 3979 3392 3809
5932 7794 4383 9417
22311 9897 14399 10076
16859 140 2269 5617
25359 11092 23963 6066
24601 9870 10533 16556
30883 718 7445 11554
1199 26778 14356 26407
5081 26803 580 19052
4572 117 26329 23126
5208 20371 11789 15955
13779 5130 12854 22639
8701 5462 50 10786
14136 20453 4866 31596
24919 29900 17087 30756
4518 4537 428 14222
30763 29992 671 25131
25132 8922 14252 27093
25074 27779 22533 2059
9164 708 28186 30345
5206 4696 23555 5659
15354 16786 12317 30644
29624 8711 8184 31674
22307 27272 10864 31653
6060 3411 9497 12744
5411 395 14561 21358
24443 16099 4592 4393
1486 419 18131 29031
22176 27844 15066 14662
30056 1661 704 22442
26957 31461 31367 1676
2349 30446 20397 5781
26851 28058 23166 6379
11210 12395 13247 23371
24701 27674 2966 27224
18913 23948 23208 3634
14694 21249 11902 30027
24201 19855 5421 374
12190 22223 27702 27457
20428 24278 5803 12165
5721 13926 24211 31547
6951 31078 1424 2449
27775 146 18623 10302
21006 6506 23520 22034
16685 22391 8119 12241
26214 27054 6065 8001
26675 28971 25291 130
18184 28197 15280 12702
406 27680 17441 16481
19525 15971 8090 10859
16138 24749 8499 25475
29788 20516 4292 5678
9855 28814 19276 21120
28677 20931 17044 7987
26773 26978 8207 8438
492 5316 3845 19463
13342 30510 29168 21508
7209 2123 1831 19967
18341 26329 16569 14544
31444 17314 21404 24495
21987 30894 16903 19202
21104 8375 25884 13171
14923 17117 14794 11078
31609 26267 29938 29161
129 9210 8904 9677
23517 1028 21885 18549
10712 17788 10011 18637
9084 22988 4784 1980
28642 11839 26798 2812
22703 5488 25234 21034
6877 25859 6596 537
13502 7058 26046 23148
21821 8938 25969 10596
20584 632 14308 12790
15659 5630 10271 14369
8286 7306 20551 10110
18691 13225 30730 2073
16840 4824 12862 13695
31700 6971 198 3096
5823 3986 28083 183
27106 2152 7346 22128
13010 30861 28582 26282
3367 21959 27534 12148
6018 14789 8874 7197
27086 3924 31971 15358
16581 8150 24423 23451
694 5359 30612 13291
390 17025 11543 9203
7670 19675 599 10394
12323 559 21002 1720
22867 26175 27951 23408
8942 867 13346 1728
3787 11177 22529 9302
31917 26449 2390 1701
2318 25990 27898 26681
18715 22601 22579 18247
2047 19627 6176 8073
26980 21311 18519 30280
5431 3279 31948 27835
20652 28494 17141 19599
10371 22286 15915 17095
4233 14387 25428 15558
7265 1128 6079 7082
13700 6352 14159 12764
29319 18495 17884 16101
29597 21931 20438 23940
26716 29405 15915 6141
8900 5996 8555 5811
23421 17388 14379 7417
2912 1379 13479 18470
315 19708 1451 17639
715 28672 9907 28378
23573 25601 15185 3672
22484 2905 31183 10386
11849 9683 10517 5599
3900 14759 13774 21076
65 2220 8903 15510
28730 26057 22679 14060
9245 430 6277 24216
24824 28095 5798 19816
30514 10328 584 6536
4883 7473 27529 1946
30342 5911 2386 8968
30 14310 31332 12441
9048 8116 11976 12099
13856 5197 15982 23361
14230 15584 1559 26469
29713 17911 2929 24750
10852 428 27780 28701
5729 22554 24142 28357
1180 7187 428 34
21362 6161 121 9899
1353 26478 24821 1706
18456 28631 26994 19276
5675 3838 22567 25076
21536 20623 7517 727
4150 16486 12756 9664
18119 11519 8036 5690
20498 28205 31973 29138
23358 1039 24909 28082
6812 8768 4632 22643
1325 31567 28909 24886
20836 24687 27774 21744
3372 2415 30896 17925
30509 6380 20988 21017
77 12485 4116 31266
1136 10959 19402 16578
23948 18890 23598 725
3034 30356 28407 15942
16484 23965 37 15142
11977 155 29924 19199
7998 4223 23986 4709
25043 9127 9156 4303
1784 7253 9638 23205
319 21344 1827 14746
5219 23337 14436 10044
13706 28369 30812 21961
16583 25001 22115 15173
10211 8938 30496 21193
351 10663 8365 2078
1711 23807 20982 395
9427 19607 26978 15338
23046 19784 7862 11521
11724 19988 21558 24592
10292 31071 781 16551
16733 30299 18158 1978
27193 24261 19708 505
4753 15567 10727 3671
20553 9565 23384 18420
3046 17011 30864 26138
22093 25070 22092 28576
19405 23667 8683 30329
10336 26790 14290 9350
28974 11932 14608 2734
22355 12178 9278 26161
14306 21983 30121 20537
23850 16679 4788 2995
25912 8914 1143 25948
29085 16060 17836 23071
1137 25646 10188 30622
11927 29454 4981 11023
29507 16722 10255 29257
1210 29882 433 8990
15961 9407 5179 15596
731 22727 7888 30831
19921 13978 21088 2521
23420 29977 22688 18725
25021 26414 33 13480
26464 13055 26300 489
24227 2407 9012 12466
15349 29094 12823 21607
27133 89 10725 1943
16094 30883 31348 15825
22202 27317 15251 26553
30581 31341 20206 7514
25019 2905 22834 17086
13124 9953 22129 23228
15958 1473 19911 31762
31372 19901 26686 7348
29399 22415 28399 10083
21698 4389 29802 3968
1274 20489 11608 22307
23821 10273 15455 15208
30322 6808 30022 31497
9930 12572 23386 27442
4453 22858 24336 20112
29192 5222 7915 8876
1261 20304 12192 22391
12300 30387 12153 9509
20889 7040 10487 29759
22478 15259 2235 3060
1514 724 10918 31409
2682 6168 16960 27889
19159 19176 8790 26197
2032 13579 10216 4343
16457 9344 19522 5884
29508 25015 8808 14952
10656 9729 17335 7990
26431 22084 28618 31657
27180 22003 25499 8925
23260 1597 11242 7585
20916 17797 30435 17801
21964 787 10491 5694
14579 15113 14619 10521
29939 28312 6144 3824
28182 27763 9954 31792
16104 134 339 31532
28991 18911 7787 6325
18553 2548 3362 16107
261 22536 20477 12882
10533 13798 7149 25897
30449 6865 374 5367
16288 7614 12041 26214
29699 4032 4030 29524
18002 6852 8480 554
23851 14462 27998 17762
14296 5539 11950 5751
10193 13657 13549 14043
897 26860 20101 13407
30285 28610 14484 9661
4563 21393 23115 2161
1135 21711 20372 12491
6404 31594 1783 67
25593 8122 30398 22028
16769 694 11607 28140
2336 13408 16635 8522
6763 7053 25229 16009
9999 2499 6085 27284
24084 22649 24717 16570
23651 9352 19371 9405
1670 20704 16033 31525
12208 8569 29905 15322
12797 653 31205 4850
23546 20485 9070 968
22376 12593 19915 16974
27965 23739 24653 13988
19180 22750 23705 24297
11494 3027 79 849
4705 12428 10214 28791
24152 933 13793 11253
2515 15512 22816 22323
19304 10032 8080 13436
22530 28992 23049 599
8417 148 27253 8468
13026 25896 15669 13989
6913 15256 29120 17583
29724 5080 30349 25825
506 12325 7220 8069
141 12347 25552 4180
30321 31945 3239 19855
28096 1826 9485 17739
3586 12597 8837 1293
9343 29119 17706 8086
16315 2239 19021 9472
5951 22571 12896 24842
8348 13537 7698 21425
30126 17376 1724 6144
28702 14264 22012 11560
7722 575 8351 21971
29865 20102 2245 438
25161 22283 2879 30053
10268 27696 15420 9324
6995 16108 14117 29083
13385 17345 17861 18849
3779 16878 685 19421