30818 28320 28083 28166
19353 20909 29626 422
8422 28302 12284 21875
11519 505 11753 26222
4350 26725 8863 8596
3836 28254 26134 22342
27874 23034 3226 15344
31100 15010 13439 20203
26575 9240 23568 10402
29869 3511 21448 29684
2694 14077 8389 5850
22401 13638 25465 20042
2507 3802 5795 16731
9775 1834 14973 20393
11496 87 16439 7931
179 5620 18853 11299
17448 21773 4405 25382
8521 13672 3619 669
12124 14346 10480 20059
27382 20221 5136 21840
29785 29265 7395 20141
2047 1633 2278 21065
25975 30552 21291 28740
6256 11763 24070 27626
22548 16776 27914 7642
28823 2887 31539 16743
27407 450 16741 12606
26502 27557 277 22345
23885 3281 26438 21460
13716 2186 7096 8175
29752 17923 20572 12051
25308 15397 25866 21512
29243 7567 29558 27909
17852 1500 22369 6938
7496 3108 1804 2251
4440 24261 20466 1022
21842 19555 19382 28439
29717 24109 8539 19809
15058 26466 26291 28336
17951 11796 13850 326
25926 4397 19556 30961
18403 20399 17171 20093
10670 21824 15053 12874
28821 12261 2574 24372
28942 4878 17435 21181
19627 3027 11319 17256
7918 19069 26904 22114
27744 9544 3228 22631
2013 14439 17337 230
25138 18249 17074 28249
30698 17179 16785 7938
20836 6798 7377 16566
18729 14042 28251 17679
3197 18947 12980 16075
2612 21082 20084 8562
17351 30536 2042 9273
13479 9031 18782 19495
17361 563 16039 24950
29603 12989 9278 21564
17390 3654 22947 21579
31308 463 3167 8277
17588 1349 3898 20564
27211 22019 12717 7976
383 11676 11162 30594
19021 21972 28987 18434
24553 15855 857 25244
3202 29999 4030 27456
7258 11928 30188 6586
9503 12790 1039 21207
19063 24097 49 23753
12508 8320 20909 13004
4778 1484 24294 15370
11126 18454 29496 27068
28066 270 16687 147
13870 20344 21751 4438
29393 21257 2836 25804
28233 31062 24403 24284
14063 10528 10241 7411
21390 28887 4442 21414
14965 29024 27972 12185
16075 26134 11070 15775
26659 28175 3219 7714
26704 31392 26835 1990
9083 1827 5763 23881
373 249 19476 23214
26435 28361 3346 7578
19466 31250 30622 3326
29703 5601 1566 25590
28404 4059 6451 25585
3733 28800 24044 29203
7824 9136 25657 9175
20095 2669 31138 507
580 23010 7224 28819
31900 27556 6604 16262
6136 25401 12128 285
392 19671 15579 16106
10904 6509 24833 4347
25631 7144 4513 1836
22677 27567 1040 20178
22534 20591 31191 6563
10853 6942 17833 24276
23586 4154 7320 14206
14590 18258 1928 23110
26911 9160 2275 31293
25695 19157 19086 3333
12266 15053 26652 15414
6664 26533 10562 1535
26679 178 16523 20753
11133 17331 25165 30648
12028 274 18396 3659
13511 13671 29437 26823
29940 23614 17822 9143
4851 24602 16836 13399
32 19386 1476 17400
27280 8346 22710 23206
27451 30397 23335 7433
15925 18858 12302 8585
25171 5813 12801 8373
5369 12415 2217 1254
13104 27584 12916 7455
12537 2372 22153 30520
6882 308 29441 9532
21974 5015 15188 29199
4409 16920 15121 18772
7989 5898 4307 22157
10062 23977 21872 8068
26429 12195 883 7659
30203 31703 29389 7231
15644 27228 15559 23026
7262 16837 7227 15048
27522 12707 7684 1410
20058 9804 13747 30138
3876 2523 2691 9486
29462 5752 4240 3968
15674 7642 16963 14109
21372 27145 3601 10973
14850 7017 19557 29899
22715 10228 20954 13157
16187 24519 29102 25158
23238 6880 1140 5634
21162 29734 18184 12114
468 13737 9672 18801
11417 23084 18433 26565
9692 18401 28584 9922
11859 10355 331 29708
27425 585 18502 4571
26793 30474 19258 27044
12964 19292 17595 29174
12912 7154 5193 11170
18347 25541 15234 31262
20225 14241 15253 23339
2882 23268 26362 16822
9400 4483 31585 6140
12983 21325 6120 11506
885 17524 25488 4324
5660 5961 30706 9564
31518 15175 25646 25669
3785 85 23589 8784
16923 68 26600 20631
26071 7324 10095 385
11224 19103 401 13541
21158 20871 15654 12146
12103 2317 6041 24910
2392 4654 896 8189
94 45 19615 14213
22867 4827 30233 5839
10127 26134 15328 6993
23491 14992 18544 16362
22109 15314 29373 13069
12821 26496 6249 6178
4038 31198 26683 30761
21629 915 12493 9633
3536 3245 1924 6056
28786 26854 23493 99
9476 8485 19046 8864
22317 5704 17763 10938
15084 16673 25555 3773
31789 13246 28186 14795
19611 16366 31327 1727
950 26368 11585 19983
1317 30414 29381 2807
24909 30715 17299 23508
25634 20856 19043 25038
1597 17741 180 17337
29744 10902 441 22589
8214 2251 26271 15157
4462 30789 5870 21078
26409 27646 2628 1297
16385 18585 4171 11194
15 27810 18410 31209
4754 3606 5821 26657
23325 4390 13507 24751
8398 15416 8279 13269
20727 27951 3682 5928
3558 13292 10958 13367
4862 30228 15678 2669
7949 20 1532 10297
22745 10083 26418 621
25084 25095 11870 22754
3058 30555 4608 11108
25457 11791 14229 22989
1528 7024 21961 7276
30123 30698 18153 6570
24414 7371 8087 29164
1776 3913 7617 17083
19930 15559 980 25891
2055 19540 13356 27480
4839 10613 8400 8608
25279 11300 25436 5740
31299 536 4414 28104
102 15687 8229 1014
26737 11178 28343 9046
24658 23616 17795 20874
31031 30037 25654 30678
15964 16388 28433 27341
11809 3323 20634 5418
18784 22142 25490 18940
11517 17327 31016 518
27071 28940 3948 2149
3678 8761 19462 23155
6109 16640 3880 16108
15385 19862 12993 22607
17059 9247 18932 13959
24523 15221 29896 11211
17917 16677 7201 26819
24913 14011 10735 9196
29021 29760 4517 20541
30030 13312 15597 9995
7735 2961 12441 2346
15272 30224 223 31573
22147 21422 21436 16847
28171 619 17601 24395
2878 29730 5359 31498
7781 26054 9210 29251
23273 7147 18360 6343
1384 18568 10962 27877
26632 253 959 17035
24843 21325 14323 10671
16292 7608 16211 5101
25353 25446 23533 116
20426 27516 31206 7448
12129 3927 19379 24530
28170 12565 30348 13131
27349 31576 25374 25546
28153 20038 1665 4441
22891 215 14185 38
18351 17733 25504 18473
3311 5102 14772 10247
20042 5947 6893 569
9070 9719 27009 13155
30313 28871 1803 1297
5564 7160 5946 6018
11441 9851 23238 12250
5615 16942 13993 28546
15436 350 15243 3531
228 139 16766 21716
17765 23400 27627 26029
19892 20524 10700 1980
17325 3081 1564 1888
14918 11761 23692 26581
9433 9378 18040 27736
19392 8418 21529 15499
28450 11 26108 10266
3084 15809 15027 19871
30660 4106 1226 10435
17754 26753 7421 19366
10623 10209 9383 18306
20634 26826 11390 2187
23321 23233 13182 10521
29701 20089 4643 8
13786 22352 9691 28255
20885 9757 20667 12337
11278 297 8561 13505
25992 125 14202 16873
649 23897 14229 26301
5346 14347 25719 363
22552 20194 12224 23654
19431 13177 22318 9923
27163 9019 25104 19427
11429 15397 4862 28242
11500 28365 8648 2543
19816 20900 20908 333
8556 14712 14284 6746
1859 15165 17887 11838
10367 31500 27942 4230
21646 27756 28065 29058
27022 26577 9604 16363
16226 14690 29925 19913
18694 3327 2487 15508
24607 23427 10235 29850
28375 15686 16949 11168
27623 17895 30237 16076
23797 19784 16792 25539
21281 18905 998 29966
5595 8218 7965 24002
28663 2907 19926 26720
21251 966 294 29946
17624 17824 23248 23191
19311 24012 6072 30681
19190 24465 413 14045
2595 10141 9982 2147
20681 20553 11364 6703
21673 15134 8644 19631
26762 21400 22842 11229
8588 28459 21501 28519
26297 28292 28305 17933
7901 1041 7486 28747
28823 17347 19648 28217
18609 24595 15168 17583
6829 14403 23939 7596
4000 7142 9314 18425
5956 26530 13946 23049
3912 24373 29220 31780
29930 26806 19368 7621
21704 3357 23469 6720
27891 25094 12788 4263
13638 16562 16454 29423
16886 28239 29099 4175
13417 6521 16861 7913
11852 20736 26876 2220
31456 22508 28547 635
25236 31422 15995 7300
23769 18937 753 3838
5170 24033 25503 7665
28810 1923 7160 363
7115 4853 10052 22238
13484 481 14623 13511
9163 19770 22570 8590
18171 20824 1027 29101
26335 7973 30580 20757
10936 686 23274 31693
381 3805 31529 27101
7975 26253 22591 29290
16725 31422 8374 10786
1552 2849 27918 219
12776 19929 20331 25206
23106 14210 2954 24330
31986 1138 2809 7743
13836 26430 24968 8695
2038 128 30203 7220
27074 984 8961 23606
4027 11825 25706 5859
8766 28998 25748 3692
22220 30820 296 23854
8028 27249 1537 26582
25590 3373 29044 15049
31357 11704 11439 22211
20685 29269 13691 12477
8 31085 20008 26901
10278 27095 23750 235
1758 22614 19096 31939
21662 9827 30661 30588
1267 15917 5969 16474
7954 20447 1868 12668
30645 29729 31049 888
15653 22497 532 30530
2456 21843 20378 22352
28606 7734 22579 5115
13719 23386 28161 555
12679 25951 13231 27433
174 31423 1888 12510
30063 5903 3305 24864
12633 20353 10301 9567
29993 22702 31784 5001
17443 6546 16705 31022
4010 28632 2330 25059
13329 2392 16825 23780
14255 30431 3404 17917
49 23598 16920 5546
29236 24901 9907 31869
12052 18657 15987 19904
25854 20547 14886 94
25933 15411 24835 13561
29971 14149 1505 17511
3061 25947 23719 28988
30013 20587 17412 27071
1834 4738 22368 24325
25738 24841 23826 2650
31883 23880 25811 8675
15567 20008 10866 129
10686 10045 4298 1271
20768 259 18674 27728
19179 26216 31155 11131
15449 7051 31551 3129
4414 16836 31519 4409
24473 31972 7278 25984
10601 192 26693 23311
28866 5606 8822 15552
21023 14520 22141 30578
6394 3484 12467 24165
666 30601 30661 3815
9005 13768 14949 14129
8470 507 1343 17548
14984 20317 13615 15544
18772 3915 14769 18061
14591 7940 23449 9699
8984 17069 23556 11952
1480 20888 656 29552
18603 30661 22981 13002
990 12457 27870 18544
15706 24367 29095 9543
4224 9981 23485 4808
29684 27384 28159 17830
4527 5386 29506 944
25936 2851 28487 24826
5299 30077 23530 22583
14021 14885 18075 17002
31895 20919 25106 29118
28849 22888 24639 29617
16552 1610 10368 15992
17651 24012 15895 19871
15098 22400 27355 29169
25968 19490 557 22679
1763 21973 20526 3460
27281 1455 2352 18
28542 4728 19818 14562
18883 25775 5359 1044
28201 9166 6113 27282
23542 10448 1761 26563
14599 31215 10187 24684
29727 13234 10912 29649
24959 807 19140 26653
1463 5485 4202 13827
699 8310 17996 30630
23353 26891 30623 16054
42 27153 2630 5596
23720 266 18758 12633
21503 17375 29562 4842
26118 25564 8840 9454
28080 16892 7699 4298
11742 6247 28466 21645
8311 23865 18465 23504
15291 17029 5175 8161
8660 30618 17432 4896
28334 3972 10796 23464
6153 12502 31568 8498
5069 29351 18379 29239
14493 2779 131 1109
3246 12708 23665 21492
30426 24135 12882 26409
1520 16676 6815 14299
16975 7921 28096 2340
15795 28998 29309 11257
21838 28766 20661 30478
23067 27164 7250 30196
4975 2636 3196 4996
20433 30764 13069 17281
30731 27946 18501 28537
22657 10480 24256 10988
5314 26270 5028 29361
31069 14166 3871 31636
8182 26110 26897 21572
6552 18497 17925 24173
4941 8407 16486 25377
10476 30471 29168 18044
23091 1898 12644 7816
22037 12785 22656 12638
4181 2345 9774 7822
21844 26302 4348 14273
20520 10559 7628 19613
14061 546 3788 28137
4448 25349 427 27634
19882 11582 15360 5165
6009 24205 30998 29213
9557 2096 9160 6007
28722 29979 31173 12165
2369 30854 11514 25032
524 1447 11342 18401
6850 29889 25744 31410
10959 6493 3501 31424
30640 3543 22567 30683
28166 22557 3778 15362
28905 19380 129 15745
13182 19708 18128 7260
20684 22964 15363 3824
5579 31424 13823 472
12734 810 22839 28430
16579 16488 6107 12370
25769 735 12619 20688
24577 3490 17874 8701
26488 4229 21137 6082
7524 26450 10681 12252
27548 27474 15102 26755
12173 15378 16456 2633
27786 30821 8875 18758
30820 2220 11161 370
22075 24149 22102 4690
13203 19618 21933 7639
15274 24236 8674 11907
13578 20135 8935 2253
7514 615 19154 11207
14201 12579 13455 17662
16334 5754 6866 7073
15065 22195 15184 14054
4622 30793 31279 17322
29412 5799 22971 90
9257 12848 6746 7691
17816 16770 5826 6647
11693 26620 12393 10757
22968 30078 24637 27069