30841 5255 22060 1
26019 15628 18645 11929
25699 18034 11248 22183
2651 17255 3258 16517
28236 24629 21678 9428
18209 5549 166 5908
31791 2141 21314 372
2747 26634 1677 4320
25788 25434 16606 1131
11491 976 20733 27337
29657 1533 30087 27442
23240 501 13204 20082
16156 30721 150 4411
21387 5523 17285 28863
19026 18047 28985 9598
29890 26215 18455 16477
31740 9847 28399 24057
5881 31571 31525 9274
25037 10062 8719 15915
14892 13533 6559 18953
17709 30027 27714 28058
590 22446 17415 1215
4024 11289 28932 7757
965 10003 12022 15129
706 14664 28199 850
24556 3967 9109 26132
11463 20172 25680 22329
12687 24839 20516 8051
23558 25980 3960 29336
18803 6628 26742 16444
9449 20373 12140 29317
15051 16629 5746 3899
26000 23348 8270 28447
14276 20539 14996 640
1871 1247 17170 16901
15866 12123 31850 473
4911 14845 13825 23773
4864 15903 11032 21597
5740 11097 23865 12239
4317 28405 28117 3820
22260 12195 15147 8199
17033 29038 17515 928
22510 13807 6428 3639
20596 27841 22459 23646
11825 18485 679 27922
15616 19014 6711 13899
9416 7631 565 26578
28930 4091 14437 20563
12661 15869 18567 6323
6212 19202 22883 18851
14635 12900 5431 20342
19974 2593 12125 28719
9363 18827 24619 26591
6520 26689 22553 7982
17544 26973 28193 12343
14914 9967 3436 11673
1690 29099 9770 24522
17661 22750 9666 27823
31119 11943 14891 7530
4023 7267 25753 13940
8669 23401 8029 5611
28274 26104 6918 3117
7729 13421 22221 8869
16293 23225 6192 17637
7148 6675 1500 759
18618 15082 27088 19435
7073 17182 24256 5052
25231 23663 27831 28498
1432 568 22785 17375
30197 13651 11592 15984
3661 2406 14845 23749
18484 30274 6138 30816
27378 27294 28005 2012
6021 13582 31191 2688
21993 27698 11709 21012
1942 10029 20735 7923
25419 6745 31968 16994
24074 27706 27942 15136
9571 22192 27770 63
3830 26736 24593 28209
8500 31412 13964 2598
6501 12082 15901 3990
4847 2635 9708 31769
13269 136 11961 3455
638 30268 20162 26141
18616 17557 19687 19301
10236 28339 5900 12986
17140 17452 22463 4226
8250 17854 3866 7548
10851 13630 13035 1619
28988 25042 6675 14708
4179 1120 14124 18205
24249 16454 26223 1975
19463 7244 21204 31846
3743 2006 13946 7646
1844 16479 31306 3448
143 11042 30936 23685
6789 30490 26761 24034
17239 6957 12539 13773
14872 1189 12193 7158
10117 2527 12206 985
29183 30023 6453 8012
1492 15492 7054 28500
29376 14319 22267 22333
692 28234 18827 26090
11733 18607 831 18793
4040 17094 25964 8394
16941 27451 29024 8242
16489 18543 27208 15147
14505 30062 20050 18750
28196 2850 27406 22724
4256 10694 4378 9209
11575 13980 11006 23634
7259 8675 15189 16401
4376 18692 1582 11798
11673 18700 27057 11256
16622 21854 10758 4692
4620 26282 13426 21349
23573 22041 7619 4053
24538 14538 24559 28115
11935 3970 6904 26214
4638 7839 23826 3
13774 590 13832 5463
30052 21246 6620 23408
29850 28181 22190 29181
25648 14049 8670 23273
6193 25553 117 20016
21368 11237 3777 29428
27762 26723 27456 11982
12070 462 18624 612
8306 9998 27587 4662
1687 25083 5928 3780
23288 13306 11272 18125
2334 30716 223 16625
7936 24242 13292 20861
21121 28158 31962 13700
59 5287 16799 25649
1915 9808 29349 2651
10124 21419 29223 25690
16953 29418 2783 27161
10125 11382 14814 365
20189 24548 20411 10917
8457 21797 11503 23395
14334 3580 7552 31658
14207 19381 6109 14647
8998 7445 25353 9493
21925 2189 26620 20332
84 9906 12871 21914
16867 16626 25590 5764
30581 18559 8378 302
724 14736 13384 12682
21238 16073 30716 20366
5064 10487 15298 25737
304 3841 13878 6839
26948 10780 16394 6931
235 16957 24232 110
17793 16084 25113 445
14575 12215 6694 29108
23785 25180 26301 7579
26225 22348 10134 603
19101 11220 20245 8399
2203 19454 7283 31338
21746 192 16665 4856
2570 11890 30028 20922
495 22405 16399 14010
15698 14195 30277 27998
31697 2546 13591 27966
10616 21101 23445 7475
17799 14260 18336 11440
9845 18419 23047 5974
16182 14561 1520 1730
18874 30777 28538 1706
31414 8302 23968 16168
8870 9627 865 10581
24595 20152 25629 29210
18193 20244 22339 581
8717 5119 28457 19157
12229 6855 18235 2210
664 25319 90 18970
25856 20602 23161 5220
26461 4854 28308 7342
31476 25622 9152 7873
15927 13080 3225 472
24135 4137 29158 16306
12727 27678 25465 16870
28819 100 20567 10615
11680 29498 27161 13480
29926 3101 22418 14097
13164 3204 31410 22515
19523 206 19882 2761
455 7545 6993 30239
543 31892 5831 15527
31245 20343 5720 23690
10469 22705 30115 6396
727 16962 25339 8723
1651 9227 7181 28377
365 20098 24003 162
4251 11690 2921 28309
15942 22595 20751 11416
14755 7997 17710 6219
13464 12659 19854 26985
3269 10134 19302 14938
30916 3175 21190 29188
6831 13610 28978 741
7139 345 18319 7772
13828 16530 31556 3918
19778 4573 17049 1771
732 9997 4194 14534
20191 27002 8930 15148
17466 5371 31210 13496
14832 29202 30785 2082
9891 99 13384 29272
4956 9579 15326 20176
7815 13166 20354 30236
12351 23729 22711 27327
17356 26346 8109 18495
27242 13045 1053 10363
27468 27848 15733 29503
9441 30633 26165 19478
4950 27295 22169 4703
8284 12582 4728 10147
8235 9254 20076 28710
8135 12070 20531 16828
26754 21949 11861 13534
23746 11594 13063 3069
4612 7909 26192 9494
19489 1430 874 10631
15824 31940 23915 28705
12909 29424 30501 17790
1273 21667 21066 3733
2145 25508 14804 31115
17667 3695 2979 12493
12142 23523 17768 17499
15465 16187 22723 15719
30264 26687 2728 4126
30490 25531 25095 24518
27926 8241 27052 18697
2807 10955 18788 9872
2710 14483 31329 980
9303 20454 6879 12849
8182 9766 9480 13373
25220 1456 3349 29527
7596 20494 2743 29571
1083 28781 4533 31093
10208 21073 15830 22251
25647 12423 13825 20800
31468 20572 19107 22078
17799 14 21329 29493
8163 22397 4015 16969
28763 20013 3984 16912
28935 20841 26206 19293
7739 6081 11709 6486
28241 1720 7019 6093
13993 5056 11882 27597
25069 12645 14178 27250
23450 7368 16449 29182
21692 8015 5924 22826
17913 6299 122 26810
21200 25786 21606 4948
29219 29342 2918 24466
757 7886 309 14422
7276 9820 23784 5982
31777 17943 8549 15896
3480 23041 246 28855
6153 4356 8496 26502
14179 2272 5148 27260
22928 26216 24472 19217
8442 15854 5113 12369
20558 24572 13813 26927
9088 24133 707 14619
14863 23770 15734 21207
30346 929 18617 30086
30547 9220 26523 24582
3235 26342 4798 3711
20430 5851 26298 30268
16328 23192 17598 13242
1768 29608 26235 24319
19949 21857 26941 31277
16447 10263 5211 11863
9591 3215 24274 19091
13344 13238 30765 14673
447 7827 22696 24555
13330 6779 7316 7293
22422 19844 12029 22006
589 26428 1931 21103
4539 18842 680 18364
26425 15924 733 23105
7527 2995 7817 265
17403 646 13485 28176
18114 16337 22049 11751
14565 31152 2032 18810
25963 16282 30718 18220
18687 11294 25838 39
22771 7382 15682 21231
15238 6555 14788 25661
21858 15349 30501 25098
20585 10965 21221 31978
691 393 3954 2971
17613 8418 916 3294
23119 196 22792 31621
10122 6072 7788 10446
413 21759 12379 4335
175 6322 15832 24050
14449 31805 27632 3267
14068 15634 23707 26760
17558 12957 7396 20528
29268 24697 15945 31311
6986 30948 8037 11049
4726 25456 10188 4364
23999 7164 31543 15076
8758 229 26593 23817
9627 20339 5168 22619
2339 8609 12184 14225
8568 22522 10941 5838
4098 27869 15063 10613
357 17896 11355 21055
13643 11440 18648 395
13155 16309 21534 19957
20906 28565 25766 31529
28649 23679 6958 25338
3198 10219 166 29870
5728 3720 31045 16028
8286 24182 20486 13818
22951 7606 30003 12528
28559 29919 7510 18160
15504 12818 1370 2890
26767 30767 13552 22011
24161 28233 16434 3782
14990 856 19590 11911
5973 6702 23750 27331
23024 12717 10398 16259
25881 23862 821 19299
21708 8548 5391 12774
10063 2299 27954 30732
30576 1563 11655 3879
11278 29626 22148 490
16602 19281 30216 30659
3167 25300 15750 619
10048 18152 17254 27067
22721 1361 29608 27073
11401 31657 29643 5907
5543 346 239 23907
17106 27584 30515 19540
2037 698 17771 9868
235 31548 10224 26378
20870 29794 6094 12474
9943 25232 29479 23623
23977 15085 30678 6193
29263 12565 20817 20255
7584 28689 15828 18550
17215 24454 3772 14122
5408 18732 2097 10965
4167 29314 25607 5894
14035 451 31718 25819
11068 11534 24233 17106
4313 18163 21765 9948
21925 21264 6507 14003
18754 24590 18223 2670
9534 31701 17641 85
27286 11007 11804 236
14456 29836 21 9821
77 21975 3606 20980
15095 13000 180 19714
855 5708 25726 10729
14867 22274 3039 11895
5782 29752 18502 14450
18776 16149 16003 20596
4959 9239 23157 24313
30470 10433 9698 14263
26109 29069 1702 28462
4241 25640 10256 11903
14893 14814 5001 31105
14113 5715 15478 6930
30627 30325 864 11179
17427 2990 29778 26168
3716 22366 17539 16166
121 6792 21301 29117
5097 28108 12765 30640
6801 5525 30596 7922
11875 26259 25453 12748
6232 20076 4856 25901
21105 21678 20166 321
24058 10249 13086 30788
20236 3003 14224 24473
12629 14667 23000 536
10779 2682 28677 27299
31615 633 26074 23043
19711 30034 26996 13041
23871 8371 19245 31087
265 8396 5313 6747
5010 16012 7087 17475
15359 11285 4834 17018
11303 22641 24465 3691
15515 11136 13668 2862
2532 15925 15832 8025
30475 25346 20196 8473
14687 4753 29917 18561
20850 4277 21399 7201
5477 23968 8909 3035
12389 18262 18882 11762
15222 12130 24105 21092
21359 22727 2626 24698
20550 21049 7751 12957
398 20621 20742 25707
5182 3439 29647 18186
1460 341 7568 28604
18426 30638 4415 5300
31559 4197 25464 11305
24777 22917 9064 424
27297 15926 2793 13742
3376 8170 31214 23414
13713 730 16674 10512
2406 24243 718 28083
21464 26508 6390 16980
17369 25372 974 10359
24492 24106 31564 2886
20904 22084 20757 22240
29241 11188 26528 6643
13095 28592 6039 25997
20507 25297 1152 24367
26719 14279 9372 14628
26085 28234 15 1296
21899 23123 27458 5324
5277 11149 16518 23921
30619 2310 23802 4275
20029 5419 25774 24689
26805 28147 4616 8329
564 92 5223 15089
13487 11793 16903 10756
23011 22644 8485 27929
153 31676 3171 11098
17697 6006 30317 30932
28715 14644 4317 29130
22199 4738 23132 8271
2145 11035 22538 24596
28900 861 291 13438
9696 15099 3029 17659
16859 4082 24190 29591
28805 18878 762 16842
4160 25805 29770 30612
3295 4660 2695 16588
22446 24481 13554 13494
8371 7056 11365 31699
13620 18882 25332 2045
10106 15339 2509 4787
9172 8876 11874 21937
5854 10944 13003 12739
2306 31354 9573 14300
21312 9071 15296 18530
4395 23664 29880 15565
29748 6075 9697 20336
23595 18801 30761 13718
22787 29259 6072 8145
31190 17033 6939 5263
3368 26924 26018 22766
13936 25445 2310 23506
31957 24653 27215 22324
14133 3286 11765 7101
31083 23554 12102 14995
26322 8019 1799 371
3589 898 25950 2
12777 17780 17136 30042
9198 13161 11590 6387
5009 20087 12917 18846
30502 8247 12286 16361
29140 6334 2291 30893
23265 2254 1883 8419
18991 3150 27864 29625
19975 30968 30343 16102
11798 9554 22568 314
24501 7135 29311 22393
3950 3734 18681 11113
25531 7827 31379 22826
23824 19469 16888 16070
30492 8840 16617 27145
28493 30027 6882 22675
21650 16405 8955 301
17508 12 8460 1366
30983 6390 29204 298
3341 6827 2012 28507
6173 31434 3031 160
2290 5804 10573 7471
24742 4502 17080 428
13105 25395 5743 16423
4397 10817 5761 22392
16092 6026 30692 4823
23659 1302 15567 31402
25464 3487 15972 18331
7635 14405 31122 3054
31105 3203 9018 1809
24071 8802 18320 22389
26341 748 30917 415
10080 27876 20707 27509
23428 20916 19192 486
10858 7847 14198 16036
23991 9816 20442 10834
12901 15979 11660 26305
9926 25978 10246 13204
27077 1362 24121 24332
20336 9568 28460 11294