30580 30118 1950 8248
20053 29170 31793 16735
15492 18359 23081 18659
1013 4269 30126 5726
12716 25171 6292 27999
22472 12258 11395 1796
10433 2175 20566 25035
22510 1460 23746 17317
25418 291 7224 8780
10871 20591 14860 26071
30467 23174 11478 14732
23019 28928 8217 24309
605 27357 8482 14134
29122 5496 4915 30365
12540 9401 12001 13947
27372 29581 4283 22834
4152 10387 6956 29840
26699 4889 12195 13915
13213 21574 752 30509
17204 10392 4338 28546
10603 26002 29551 17168
26610 688 8259 22103
16150 11417 21181 8824
578 30111 9286 31562
5574 20068 6211 31659
31192 982 7997 3092
1752 5983 21823 14193
16089 23135 642 16943
22620 24025 3394 14230
26206 2669 8186 24921
16790 29830 24241 23915
5880 16596 6314 17941
16253 11517 31557 8262
17702 4239 24355 1066
14655 27194 28811 13309
16353 19772 14093 5410
29882 17180 16485 16239
3344 30107 29346 5836
23300 13544 18823 8956
5652 11795 817 6586
3300 26052 764 20232
9278 19245 22942 710
18263 30525 30108 10876
11604 27670 5855 27267
6156 26818 12958 2372
28688 9505 3201 14807
25065 2598 24069 13010
24736 14915 3361 6754
12676 292 13866 30874
25895 27030 3316 9226
25002 19665 22842 23700
25146 17879 4671 2171
4059 1587 23990 18365
5988 8424 30175 20899
24779 29866 15092 20630
19363 1614 29635 12340
5347 24448 412 4515
18921 17844 2925 23077
27839 23903 25644 4077
11676 3430 12405 31026
23982 14038 3957 12673
536 5335 19206 10583
5685 22747 21275 17391
8230 22299 2143 1881
21131 22340 6681 4812
2189 23917 31571 20285
286 591 13115 3632
21121 6571 3273 2767
14093 31253 27042 313
5934 20693 15421 20508
29868 547 27972 22662
6960 5522 12349 4088
14852 5848 2921 30909
19226 21163 5868 29817
27472 27908 14127 9477
2034 25998 22147 20346
1408 13143 25095 30092
17330 18636 3531 6426
8890 5092 9269 24066
28105 20123 25764 316
20180 13218 13652 17437
12184 27477 11394 516
11228 17645 13520 9747
30966 4087 20714 7517
26256 10757 17002 20771
23724 5283 6137 7032
31462 10124 26295 10253
15609 13086 13022 19015
18565 9996 19362 31124
18448 4435 7771 26624
30538 2415 17637 26371
17557 23502 21319 3741
11204 2437 10388 23205
11811 28738 18191 12895
3000 11905 30610 3660
8649 6147 15409 12358
4767 20092 22042 8652
6793 21133 25279 27802
13859 8433 21560 16764
217 12283 18658 357
23205 24896 1613 23739
30752 15249 6997 31990
6073 300 28046 27753
10560 30258 13798 12383
19624 27484 12421 18794
8459 24810 1016 3576
1261 21981 9103 4903
11205 5990 12547 6107
11450 9374 8540 9741
28330 31351 10514 24166
5488 23539 13171 8716
21607 27284 26948 3772
18986 8979 2731 281
18846 4693 8269 4419
13363 22170 18355 15788
18790 16632 7922 14375
3979 11016 5003 2370
14793 21727 6288 216
12134 24383 2056 4828
6212 13839 13205 21378
4780 523 26708 23935
30283 24755 27141 677
18554 13712 10604 9906
17859 665 14838 3186
9376 12260 19104 23811
30085 5806 9749 18031
17441 3961 280 9858
24034 15756 1567 19164
25015 27814 8520 30532
27 27117 10089 9791
31308 26919 1409 14305
994 18988 15705 740
16770 21147 2148 31735
12775 12237 8682 26456
26155 21767 31845 18597
582 2548 26156 1264
9938 15698 24910 27409
10257 28651 12993 5696
13872 19399 27836 24291
23245 15264 30817 19876
28600 5782 25247 17607
29430 13348 28759 21434
23564 31827 15805 26862
22138 18477 27906 21990
1413 9845 10288 22926
13625 22677 31317 9421
7343 7128 17379 3421
5516 4825 20055 25307
27850 25404 17177 6682
12475 23451 2467 17085
8266 13763 20710 31493
8069 18721 18409 21991
21848 16759 18868 26466
22171 11731 108 27407
592 31682 17343 14586
29477 12993 13955 31920
10817 1012 26521 25241
22332 539 31256 12168
24943 5569 6311 30353
5743 438 14379 24859
8660 3008 28067 15669
12863 7566 23375 17966
28571 29165 31000 23391
9890 8767 15404 6476
19875 10280 25065 2284
18051 10122 25084 22852
515 5300 19402 22331
26688 2774 4879 6057
10880 26296 4036 1969
25131 31148 13639 22353
8472 26818 17590 29239
22282 3130 413 31446
12411 25407 6095 31674
21144 28626 30104 17176
6284 3844 29973 7338
13825 8552 16860 23993
25316 6088 739 30588
29801 14359 19610 928
1872 11943 23392 554
8038 16284 12569 10103
24654 11425 17172 11691
17281 8921 54 13357
28564 17688 29521 19078
5306 9812 16859 23413
29321 18518 25024 16702
27393 29365 29584 29764
18122 30213 17888 2010
3773 12108 6892 26967
7846 24501 29056 5480
21832 11401 21784 14251
1442 23386 31046 26745
3441 7810 9300 5
13558 1484 11562 7584
15353 26480 4211 5733
14350 21829 24828 5623
10263 29234 5980 20125
24842 15333 1242 11673
14325 7368 28043 7353
3391 23089 3515 553
7472 13018 3726 29323
14771 16784 11751 18761
20827 30767 7561 6954
26533 18125 23933 14116
25213 17206 5555 10610
20739 25753 13036 29926
3982 10112 19158 30335
27889 11781 2937 10046
13566 12355 14803 12342
17481 20748 959 1251
2351 10970 10524 30652
5654 10503 16426 13
10485 320 6455 4093
19480 24887 1404 28149
29725 9368 1346 7206
16195 10047 8521 27489
14820 1960 29545 28203
19519 28070 8826 5395
13691 10584 21874 25923
14313 15961 25037 86
23178 12088 14642 23655
25553 7464 23123 8049
29097 4088 18709 10454
21178 31301 20977 26170
1256 19950 7321 10387
31 13512 20959 17027
7241 16787 22739 24806
30119 11565 28460 20903
19009 29702 8426 11479
23990 26580 25401 5120
2107 2440 22167 31670
10720 16256 29753 13168
25365 15358 10923 8086
13932 10201 11704 23003
30624 25970 139 11213
11223 748 26897 6058
16164 6802 4008 25462
13136 29859 9717 23114
11226 21808 530 14319
31548 29528 13035 29356
5488 11968 9959 22363
2995 11329 9675 11202
30089 10973 8667 19233
27393 9464 9282 28936
29754 4548 22707 9835
4646 23294 31825 1272
17550 23256 13260 17576
12630 30262 3277 18325
20739 10012 11925 6155
17530 2919 227 3297
14346 19388 14352 2058
30637 28351 18823 871
6283 27781 25429 24543
23488 5707 5139 10930
11871 9832 26638 19722
27319 3200 21673 22996
16085 18939 29436 28109
23626 29365 19905 21984
21806 9719 18033 28591
19044 5031 21930 30832
20256 25019 10964 15866
9639 1523 28420 26143
14678 26568 12064 16445
31206 24224 12613 21776
31726 24643 14693 10442
681 29586 309 25446
22266 15223 26438 21305
4013 11800 6513 204
12032 19536 15993 13027
14690 27999 25324 21992
10618 29408 11594 20840
25963 30972 7529 26866
6487 22238 23320 23850
6946 870 22531 5659
15224 12834 18647 18383
10257 15482 14758 17693
17203 11050 16780 29891
5241 29686 6547 7349
14036 16280 6868 30644
26575 19454 26591 18721
7191 16050 17757 25364
15674 31642 26100 21161
29871 21473 11627 9882
10263 8501 12047 1043
2754 8499 27477 195
26741 9503 4288 24877
3434 27097 17413 28232
28569 11276 13166 11590
56 19625 31100 22192
13435 6548 4816 437
26791 3741 27467 3266
22599 8881 18037 29778
30900 30033 1819 3078
6877 28740 6717 19960
19782 12681 2343 13389
8017 20880 30429 20745
10685 22954 3260 6183
108 447 6751 4074
29033 29756 27840 23406
13609 27478 8351 21378
29713 4718 29736 8634
17721 10444 23504 4543
2672 31378 24192 3306
19840 22769 31989 29713
691 25244 10343 19361
21653 12413 3176 28141
23804 15016 12304 14278
28486 2445 12887 25420
22498 1905 9666 1283
13586 1567 20290 24362
19694 19674 19545 586
1197 17047 25726 23047
23840 2153 2499 22853
6271 6205 19637 4201
28008 15303 18307 2803
27429 28604 17507 26968
29486 1858 9010 16396
27630 9125 16986 27872
4298 21579 28409 22158
864 29418 8256 19090
524 4088 537 27964
26545 867 4876 28676
22710 30083 22883 541
16718 29773 29580 12109
2301 26825 1984 8443
8024 198 22242 30090
17932 24780 30378 8677
15393 12882 30466 4443
11904 25137 30384 30638
4531 9049 27446 2406
18669 2498 8182 3691
15946 20902 12442 723
20567 9966 691 14841
14549 234 672 14287
20666 26180 10162 13429
21881 11575 910 268
4995 3068 24786 11458
6670 3461 13563 23864
23573 15982 27014 25862
25248 9777 16469 13716
29765 24729 22357 24877
21999 27513 3934 30296
2270 31901 23130 9573
10735 29697 13482 25670
22046 15937 19909 1184
14409 15185 9250 28706
9271 112 6233 536
25304 29780 15237 7477
5070 22706 23788 12480
18477 27611 6882 30668
14975 24510 31466 20446
18444 31512 19743 7095
3928 19944 24274 15217
22508 2596 16501 19147
10073 21674 8887 6594
10107 8825 3825 4961
16891 30241 451 1753
5399 4472 5876 1748
9638 28559 2474 21255
29270 6884 25524 6
19513 13273 18753 20829
6272 15205 26042 31196
24454 30218 4842 13874
19728 31495 31586 30142
1491 17358 15388 1441
30262 20408 18782 29208
348 12280 6881 4617
8023 4046 25395 28891
3529 3325 22106 2699
19852 29822 17338 3580
15043 14198 1849 6543
9247 11366 5536 9716
23134 28833 10308 4928
22801 262 19431 3135
27811 18657 22233 13323
31127 31292 2658 20957
18705 6714 25445 28452
410 16086 24125 7124
6938 4822 12779 19713
12592 18685 18035 2476
11940 20355 27267 23005
24369 22466 3158 11250
3209 1586 31192 9270
24477 24215 27659 2741
26392 16505 25001 19279
26412 2005 3339 15372
22162 9746 22857 7599
11468 18230 19107 2702
26030 22362 15903 18336
24092 31836 19572 11224
28181 22483 21543 4529
25585 9544 28404 1803
17638 2211 22127 12085
30417 8419 31723 2891
14131 13074 22427 7362
890 376 13047 5697
22147 8976 29281 3762
24412 28472 8713 27290
5454 20908 18958 28581
19739 6837 19942 13958
13188 8094 23295 28413
20750 16232 10918 10809
31494 8127 6953 8033
21955 13868 25656 7790
19499 29067 27281 9531
8313 6080 30429 19167
31293 11174 21460 30010
5539 28488 6056 3278
30713 22100 7329 8912
19820 31948 27908 15743
21522 30207 9786 16053
30766 1976 5934 6332
1455 9653 7671 17762
4857 16730 2231 13136
2280 16807 197 7575
27666 14184 12036 396
19277 8619 23709 9942
30578 22135 27341 28101
26720 25531 3863 22502
29507 31877 22689 470
13846 18036 6107 27984
23654 7024 26976 3732
8537 5016 26657 10213
13040 27516 19136 4200
23177 6797 28730 6966
3752 11730 8137 26546
20982 15068 9 3099
906 509 2393 20061
1128 436 30596 24365
22087 14697 419 19284
6040 17762 18231 5963
195 26606 30117 14601
18100 227 16577 25625
1686 18499 23488 23535
7902 29000 14166 16508
6540 23938 24093 2304
2989 7510 28731 8480
3621 4781 576 23608
13227 7915 25421 13042
8213 27941 3707 538
9430 11407 19322 10662
1733 20275 17017 550
20768 8425 1862 7730
22992 19075 24503 13413
23278 5448 18760 83
17799 676 517 14311
12700 3101 6315 1538
3949 8073 18442 27196
250 11134 8621 22534
27324 20491 19389 2552
24258 1957 22051 4709
7390 23652 27373 23091
30003 114 24051 489
29173 18614 24506 22794
16755 7391 22424 24482
340 1922 10521 1566
20256 9112 26786 8032
16899 15409 17236 14611
12750 1894 7731 20028
28479 3471 12424 2066
20866 4278 7556 272
15607 2123 20773 15944
1846 1304 9310 21242
23633 4472 3186 25189
2393 25028 22945 29661
20515 26895 18694 19742
10315 9747 28096 18144
4474 15466 13648 20396
23269 11778 2882 4333
1046 18635 24592 27210
6895 7346 5955 14131
15084 3539 8411 4794
4520 22250 16881 3493
3235 4107 20635 2753
5186 3476 26384 13689
30743 11103 21004 18086
28771 22588 15990 2985
22745 30110 27201 25528
2213 24468 23696 10101
27565 12539 26909 11973
16663 6131 731 26847
8971 20111 8666 15011
15290 3025 16491 5934
19359 213 13190 1707
25860 13900 25192 3947
201 24108 8576 13625
20577 28070 13452 743
28957 4953 15360 21037
25773 24005 4519 17844
29412 9730 22668 10605
22715 4785 17435 11559
26777 18228 23172 11617
723 4890 13920 350
30060 13789 2967 28021
26154 2768 29569 27826
451 12627 17483 7323
15730 1353 30621 10315
4020 31692 25721 10182
6478 14367 20583 31885
24461 27875 7119 23664
31697 23950 3494 422