30599 29073 10831 21556
16404 19962 17700 31939
16258 14239 22193 18924
2774 5243 208 11450
9784 4651 17277 5307
25429 6839 3180 11116
517 2992 17346 25585
16931 25467 8984 13065
10700 22764 15300 834
23206 4375 9566 14697
25491 26466 30077 23877
5013 31711 25794 14981
26348 31705 17688 3574
20350 22701 11577 4857
23676 24795 119 1333
1347 28509 8623 27273
7040 9528 13480 14660
10392 24912 26752 11929
14919 27264 22649 26957
25223 748 10239 7347
28339 17292 4837 28634
6636 13077 21234 23813
16060 8950 414 9563
19449 28603 17683 11488
236 22940 11137 21156
13491 15951 12176 6459
11492 9505 29486 13164
18291 20805 21901 18733
31702 20076 7533 2256
30566 11158 6301 22647
22793 22567 21695 15309
20494 22333 21837 16888
8792 15681 27353 4041
23999 11196 3993 23094
14515 16236 27938 25867
26146 9368 28532 23004
24732 17824 2359 2878
28854 18392 3396 30775
29356 19094 16743 9202
8010 7306 3683 5559
23564 23374 28983 5403
22148 12606 4512 30324
28412 9610 8671 2960
13917 12938 27580 3239
847 5713 11979 3469
25250 4484 13294 21292
26349 2157 14875 7474
7028 14923 8288 14343
7759 748 28964 27394
9673 23166 12975 5852
29959 1955 8429 6245
1002 14275 13422 17269
24117 29094 6834 2598
245 5698 932 9280
9491 25553 26724 19189
31318 12071 12105 23759
28011 18243 20775 232
9816 14116 25549 2134
1051 23006 11730 24816
28305 29932 10130 1072
666 19656 3443 24431
18288 26553 26477 19034
12392 29420 10697 13475
17846 201 21288 23543
24998 636 11208 7727
1783 23255 2563 15306
27009 21603 16408 7835
27164 11949 5934 30911
2494 24798 31638 20434
6115 7058 15953 18530
8242 4070 4050 17828
23389 11474 6148 12646
10057 18106 20367 69
19055 23871 346 17952
1666 29531 838 28365
15953 11693 18764 28426
13040 11025 3492 438
7186 19316 23384 17729
8122 22759 24583 19809
27923 18161 232 8
413 31786 16133 15505
18311 23045 3540 24640
20580 30446 22245 21229
1786 16021 30707 22777
17781 27785 8228 645
21703 5384 1419 3037
28232 12310 5105 578
159 23244 30933 702
15334 17139 12465 20345
10505 28881 31103 26387
20591 25411 20092 12389
13277 12812 20780 19572
8087 10861 17310 14240
5832 6646 30705 2847
24355 15259 22807 29354
28619 31498 28889 10870
18288 572 3867 6502
28091 17738 30306 23423
9197 131 12691 20636
2243 23739 30462 867
13212 11749 15514 31863
2781 743 24978 21999
22933 26015 4353 8968
26717 15956 16890 22
7555 25902 30924 24257
26727 539 11652 25197
31780 23253 31667 24826
7539 5961 627 23470
1997 1051 929 1135
11728 28797 25975 9014
22756 23626 20792 28608
27678 16209 15425 13191
20069 23281 16459 18416
16339 18918 15341 17606
7773 16994 23650 29415
23991 15967 29837 22333
13938 310 17722 27120
20584 6503 6823 19930
27737 4547 25411 7228
20694 7338 9141 6319
352 5804 27680 24925
28360 21848 12966 28528
25568 19281 14123 31691
2389 12965 21595 7160
28115 12635 25070 11106
5996 11339 3114 21701
14140 15411 17578 20450
16461 30982 12383 10103
26040 3975 14036 7022
17421 21783 5814 29525
14837 19915 9107 21774
13334 22722 4322 29640
28727 30390 28228 11054
31653 24272 14601 23261
28885 21953 9974 5660
14410 31502 3653 31687
20665 171 3822 19085
25196 204 24869 1372
8676 26104 27940 15384
17858 6495 4138 19603
5096 27501 12996 12218
18907 27295 5195 9996
25707 7318 28590 24145
2711 19818 23921 21896
8107 26944 5878 10017
16555 5151 510 366
12532 29695 4965 21074
31265 24867 11324 14403
17196 28841 11254 25455
8917 3424 1272 9273
29000 4825 14426 31720
23802 7873 12779 6304
18132 3181 9589 19858
10643 20151 20802 23407
4207 7177 18910 7458
24826 8375 13087 27838
31820 11154 2659 21685
31581 2234 26137 24908
2738 437 20099 9803
10556 8635 5049 19705
20093 29019 17650 15943
15340 29757 11519 15692
157 17981 30744 1521
24087 19650 26331 17390
20879 1359 12946 30197
7225 8789 1717 4396
14322 27212 13232 30945
15653 3329 487 7802
21229 25394 13301 23978
27262 19544 23355 26859
18881 7876 14746 23080
10558 24045 123 15289
26943 11017 15627 7573
8754 9178 10708 2755
5200 9163 7529 29458
14972 6971 25463 23818
1134 28953 25862 29730
31760 8881 6399 18228
23080 5573 24044 19245
20024 20704 8448 30217
164 3559 30295 1535
274 23281 1662 18680
20243 15704 30006 30790
5899 2833 9589 31891
10054 28216 432 11799
2924 18159 5970 25871
10266 24425 26775 28266
11469 9794 28536 14533
23810 25362 24317 19865
29851 6465 18364 27315
11141 3357 22688 20453
7320 7977 7401 5372
5054 29112 23412 7153
1880 3259 31549 29540
16605 29656 4386 15685
30916 25276 31466 28117
27045 9137 11141 30413
7835 13427 3221 13020
236 11583 6446 9559
26860 7726 5594 25133
13854 22209 2529 12825
12957 19389 24007 18203
17850 3897 17173 5416
14823 3829 18781 8993
6612 3309 17528 26626
26839 1582 26642 2140
14993 31721 15465 2053
28111 21190 20561 17421
3758 15482 19580 18677
9219 24476 19448 22812
27641 12724 7673 14202
19452 14230 21721 2704
30678 8174 18013 27551
5144 27675 24890 30233
22460 6977 31703 27477
28936 2969 85 16006
12726 1548 6605 7406
18001 10241 18136 17999
31970 8051 30037 18851
24268 27974 2918 31244
8693 8667 444 12302
13606 18402 29461 11004
27573 29039 17666 9904
3169 6992 19950 31103
18301 23199 7260 20077
22609 2195 17264 20380
21949 24731 20657 21771
30239 17582 20237 27517
19063 7132 31518 18358
13513 556 3243 31213
7619 10396 14706 30079
11680 22675 21796 16609
3148 9561 12978 25048
27849 26875 10951 23020
26577 16727 27541 18202
27069 22133 30165 31945
14245 23323 27401 10495
20425 31643 4357 22997
10543 12016 11949 30504
5774 7689 9728 1170
20587 5477 28502 16280
27266 13536 23013 28197
14439 20941 13706 28984
25965 16196 18887 28633
17351 28861 15880 11857
5869 10974 22314 26010
23874 13970 11837 12053
23795 19035 17545 22651
30754 7657 6352 13334
3140 23531 8659 14641
24775 26149 21015 2253
26872 8131 2281 10901
23845 12781 5280 5652
28414 413 10786 23590
7489 13739 30122 1196
27287 16433 10440 29828
31673 30222 10665 28601
24790 20932 18328 3062
3641 5768 6341 10049
18471 7321 25925 14053
1542 14289 17243 688
4293 27769 18678 8287
24695 26210 30330 17239
67 26161 16067 13462
26487 6395 20584 1768
19202 3602 1084 23390
517 16158 5403 18940
10944 24175 1251 17074
21684 24465 21184 31374
2311 28193 26285 14639
12843 18144 22071 6781
9915 9990 26244 6295
23461 17881 28565 29197
398 3197 1224 16464
4466 14 1697 21094
3211 4588 457 8162
29557 19030 601 26644
14479 315 10831 20861
12708 6476 28264 7557
19659 29014 29715 17521
3211 721 7608 3471
3907 19631 27203 30643
9673 15745 24799 1511
15698 26553 27137 17503
8338 23880 14761 6571
21540 10094 12005 14384
4651 25551 19606 17369
10554 14282 12150 10
17009 3590 9562 6614
21225 21069 18869 25201
15443 8094 19294 3560
24795 5245 16275 18959
11859 16782 9789 16827
25741 26210 885 24626
6920 28817 12872 26848
18895 28937 21687 14156
22943 31653 1282 15178
586 9474 11303 1393
26197 4750 8613 30671
28399 20705 30853 28380
767 25681 7579 30381
18067 18368 11018 24682
10115 19897 5382 19458
4180 6076 5086 31261
16988 6101 28473 31315
6951 20595 3743 2459
18714 18040 29500 13574
13142 22925 483 5293
6368 30392 11340 13031
11006 22832 7337 29632
9956 19824 7769 4263
12943 10890 4337 31847
242 30142 19078 17241
336 25675 25128 15319
7657 12165 940 6899
19928 28456 12463 16745
318 28140 4823 21715
5782 11353 17244 31004
7282 1501 11207 15927
14922 11292 25594 5649
11687 27783 12657 26308
24713 29744 3015 3341
12809 1500 19068 25344
12861 22106 24565 7930
21852 788 17860 7896
25122 22244 300 29542
8054 20777 20186 16410
1355 8985 6400 17155
29892 5977 29314 6396
15259 6091 25734 4645
26307 17831 29492 10900
10316 22477 21181 31559
21640 13145 28060 14173
14956 29304 8220 2438
23352 19835 19738 26041
17755 6698 12300 8997
5776 21851 4162 29289
26958 27331 14700 1031
12639 12043 23901 29462
19406 16422 17166 18488
17927 16355 26342 10444
8250 7358 28728 1637
3840 23804 8206 25210
65 8183 7461 31327
26453 18870 16696 28531
5225 3264 19329 16284
6949 17970 7294 8688
3212 24592 24305 7093
2083 11737 16938 24972
26709 30558 10632 22761
3606 9683 30014 19910
4039 18215 18515 12441
20313 23441 28653 28803
15286 8556 20430 17866
16732 21316 30751 137
11851 3121 18540 12198
3362 18019 17393 13317
15237 10239 31508 5115
16321 4650 11826 8966
8627 9826 3486 20923
19174 13845 15079 14847
12795 20588 28506 15226
21838 25192 27592 15433
18646 7473 5514 25075
23373 5803 25793 22175
5777 22601 2018 28292
8011 20518 24691 16800
14286 22610 15631 3501
27202 18537 29872 29777
7681 17771 18222 27029
7233 17351 9986 26264
18420 28601 20560 13445
3308 28630 20773 25538
19011 13798 26365 17258
15354 20977 21896 27902
10208 31645 6829 14423
20917 17847 9168 11231
31376 12303 26704 15617
28542 2953 3412 29918
27500 25713 30408 19778
20551 26383 27042 22998
31585 29307 9066 4503
14615 19891 2809 19590
7089 13035 24193 18849
14729 9508 717 20755
5744 17408 22474 18088
15437 4565 13895 16515
18183 24576 31481 30227
26533 21884 17090 6979
8884 17331 15410 31729
19945 15763 12879 27554
4360 9445 13457 23924
28164 8666 49 14420
5224 14567 3748 15216
1013 29395 28002 1775
17037 19215 17131 7392
10576 22597 9484 28273
3332 25395 9310 18786
17850 24506 12561 14777
22958 31794 15591 13238
20336 15105 16003 6665
27457 19052 31204 29763
23488 3757 12845 27019
6598 4677 10407 21394
656 20627 3336 203
23321 3750 17142 25809
722 13904 8391 2610
7020 26491 2955 12369
21011 13248 5196 4764
26051 14390 31380 28168
27892 2440 14384 28093
23673 9803 31284 20495
26792 25486 11071 22449
442 1970 29440 23845
28533 1916 20217 5239
20488 6504 10371 23339
312 4928 3091 8820
8886 17902 26043 18855
29914 19343 26356 31982
28272 31688 31130 27713
30438 31325 25656 28306
18865 5119 902 25928
7150 23910 15664 29679
17738 18592 4057 24622
28704 9385 25696 11769
5346 15163 1122 19463
17594 231 23040 25735
1905 2917 23778 9743
20623 16937 20603 6357
20420 56 14223 21537
8326 1591 8435 10242
7420 12236 12693 3905
22555 30498 4028 149
783 25542 5008 24082
16860 6587 24796 21998
13125 20938 19987 8032
12269 11289 15505 4320
1212 4351 17956 9368
11396 5143 25547 5144
19684 3475 29117 23627
31341 24019 13485 15786
2052 3895 17485 3247
25991 18993 531 26253
20916 20382 27445 7710
25414 27990 10497 29981
11616 8449 23116 30101
815 23853 9023 667
7884 9374 10331 24374
12127 28645 11709 424
4746 4405 15265 2246
15621 2673 27686 4043
5765 2441 18001 3120
19683 521 19027 18418
25210 741 4879 2560
31697 31650 12503 5613
12410 15253 8566 21481
25401 2176 2420 13551
25961 16744 4757 10048
27036 5796 5027 12047
2434 2101 25965 30590
25356 7765 2320 28617
4304 4178 885 18625
432 19869 4635 26237
29622 7454 7447 6732
5699 18123 2649 14573
5993 31609 22064 24835
8341 28402 5393 1475
1649 22599 17044 4592
12296 19560 447 14089
31020 9969 12935 15553
5140 30023 148 25775
11850 6116 20293 13895
23749 3567 9972 18185
4945 7952 1915 21240
11064 22402 17398 14670
15643 2666 19403 12654
21025 20071 1256 19482
12372 10346 6988 5350
17991 22728 27081 26604
31228 399 24584 20418
24326 1300 2509 683
6123 4052 7036 15879
26316 22653 10205 21272
12616 13124 25372 20448
31645 11642 5908 16740
7952 31332 11468 9241
16272 8775 28482 11165
17558 10178 27496 12965
22863 5984 4461 26423
14333 13678 31549 1817
17563 15882 31819 16521
15039 27517 24206 2862
29381 14027 28873 3407
554 1672 18960 24899
15158 16364 26248 20264
20446 28202 366 20184
7144 29694 20571 26137
23120 31621 966 14100
18923 6226 12490 21257
1354 20414 2089 9536