30639 26982 28594 15404
9107 1547 22281 29580
17789 5998 20418 19452
6296 7191 3600 22899
3920 29145 6477 25459
31343 28771 19518 29755
11142 4625 10904 26685
5775 7944 12227 4562
14032 3713 31453 17709
15107 4709 31746 24717
15539 283 1739 9399
1769 4509 28180 29092
12296 7634 3331 15223
2806 24344 24902 19378
13180 22815 6811 8872
14832 26366 17302 3382
12817 7808 26527 17070
10546 193 23098 7956
18331 5877 907 19853
8492 11918 22041 30484
31043 644 20946 18799
226 6625 14415 27233
15879 4016 22106 11042
24422 25587 1709 4108
22328 28683 20989 151
10857 13122 20535 13191
30971 16549 12042 11108
22696 16146 421 22315
17097 12177 15810 11075
6518 28135 2531 18098
2031 8041 16603 30865
16954 1039 20113 14781
26638 24009 18945 28368
3824 25110 28803 1616
14236 27090 26192 18214
12966 21327 24642 25425
14433 19112 6875 8923
14336 27730 17033 15116
8699 30196 12584 9695
12725 31097 9417 3506
31323 18019 21426 8513
15119 100 422 25557
15942 549 31334 19897
18542 16240 5495 20718
22997 29039 10022 5663
18374 27210 714 1495
28917 1273 29257 29170
4380 14938 18141 29522
30695 3200 26392 20435
9998 15438 296 31872
7104 71 12371 4103
18248 7067 30924 14698
31467 18573 5290 3832
19215 246 7980 18812
11683 16927 17220 16308
22458 217 9814 13828
7801 5833 28732 22124
24372 6660 5261 25784
13012 21212 16671 758
28796 17401 5578 6701
17260 30891 2415 15180
22565 3454 8249 3169
25805 9999 22307 5643
4310 19231 26811 1330
733 20454 20261 13557
970 21929 10082 5348
14920 401 22995 16240
6481 22705 11256 21663
12063 11888 8062 27909
6478 12555 17017 14575
30525 12657 21742 8161
23479 23379 26516 29763
467 9854 22491 3927
18712 29288 19758 26990
15589 8 7029 604
11024 15851 11999 11817
3534 6789 25822 6665
19667 20677 30323 7566
6586 25324 22443 11293
27558 14238 12394 31391
24106 3385 21095 11640
30566 14183 20600 8893
6515 23279 6928 11425
8962 7121 17925 20529
831 29073 23447 23618
17660 5587 24751 27815
21771 16680 28260 11687
2027 10792 1219 29614
8872 31425 31440 31554
27388 12238 12232 25913
698 5867 25001 17193
4716 24200 19700 18465
1851 27709 31154 29078
26640 27997 22965 15520
1529 21966 7200 15207
3022 16664 23082 7895
12564 27067 286 2204
5153 10950 7590 14666
643 16293 27722 28379
7833 13883 21300 1887
25994 18225 10550 15343
12377 2189 28174 2019
23884 11910 22504 4165
26263 20118 23076 8069
16183 22738 2394 2413
30495 15223 155 2904
27282 25797 11258 31903
208 5904 7243 25429
15860 17172 18475 16692
11293 23689 24129 11478
24524 23799 3267 2857
7053 26828 25147 31
22234 19116 11147 21919
11324 14600 29486 11211
29363 6642 1474 23901
1624 14639 8131 5481
1089 9358 10394 11085
167 8825 7894 28131
26176 30410 6585 12027
16889 27104 1014 8968
21955 17905 29625 26905
24513 16033 17384 20235
6829 30420 21160 9725
4218 6337 2340 15109
56 13385 4234 18465
23353 22406 22613 29041
7538 5542 20946 8867
1315 28666 1245 24750
28091 21834 25068 25539
20982 11116 30032 3456
14664 5908 24503 3944
5246 30190 14324 21904
19875 16106 14851 2458
3872 15576 26439 16871
1576 22324 31767 12553
9299 23875 24185 26999
9353 1887 27181 2437
22306 8846 15854 25491
31051 6746 28148 30340
7084 21725 16317 19058
23624 5404 21261 1439
30628 22422 23604 19887
29995 23836 21391 18709
29393 22498 15953 21708
21495 28375 29827 16967
22414 2866 2122 12714
22912 9293 12905 23610
17227 185 26630 25362
28655 2949 179 30233
1803 28904 31650 26416
4931 19717 1858 178
22500 18944 1518 7699
10699 8794 23799 6641
20355 4222 29421 15407
11437 23702 22045 25971
15525 31907 11352 19674
8290 31437 20470 14574
17310 5623 15899 17618
23863 20631 14905 1472
20182 25029 19158 9398
10190 15506 29584 16491
20295 8602 20574 11144
6555 28381 30232 23317
19712 8650 15418 6449
22888 16285 21477 20487
18341 6123 20518 253
9169 5499 891 15406
26349 4440 22163 11291
9160 23588 31830 2461
31522 29103 10021 3103
6930 2761 9059 10761
19877 340 31540 15743
23240 15005 1924 24908
16744 3052 4684 6681
3031 19801 28176 8163
17266 3810 9901 23468
18305 9147 12113 28016
2910 30693 12747 20058
732 25602 25349 25400
11228 29544 206 4909
14411 20596 23773 13989
29486 19232 6419 29326
3602 11736 30977 21446
7084 21642 27818 16079
4288 14845 14474 1994
19522 28515 24279 18083
27322 12849 11782 15241
26861 5166 6289 22433
22969 27082 14840 15867
13121 29362 11526 20677
30538 28833 5973 7870
15077 8313 3604 17646
20815 18834 14344 6293
7701 22354 20689 11617
21115 12542 29039 3043
6687 17359 16900 11332
31450 29513 30939 2356
27623 25544 19114 24356
26695 21340 12308 27573
99 29910 9330 16752
12020 291 16851 951
29984 29401 24129 7931
485 8208 3655 20784
26811 9843 12464 5758
11125 23959 26512 20026
7017 17291 8841 11284
21968 6064 7751 18834
24432 6090 79 27581
9080 4952 24052 20762
22955 18721 4528 7131
6080 17168 22934 11351
4617 9281 19483 698
20308 7516 18463 26355
21519 31522 6442 10750
2223 837 12533 27453
24402 4989 6700 24381
31906 14040 2162 11428
26621 9554 10662 2152
1748 24997 7268 25152
26449 26978 12239 13656
7741 11073 20622 20809
15392 14261 18197 12104
7594 24516 11046 10141
6993 13846 12439 7000
23612 9804 12629 26175
20576 5779 6313 11530
5609 18296 5050 23507
19931 26110 11092 26824
9209 1005 10983 12067
3558 27246 30931 30300
1418 31445 17378 31132
17079 4542 10774 886
14348 8283 15526 29138
22298 28684 1347 13865
24518 17456 28831 9720
16110 20028 16944 12142
16464 10250 30002 18024
6055 18547 12011 7584
1302 9759 9778 33
6346 31900 9266 24319
23004 26542 620 26436
21620 18662 18939 13357
21300 11126 22556 29079
18388 6724 11245 692
9993 7229 16757 258
15276 19180 7653 10110
13592 14155 28957 279
29908 4313 28786 22875
24434 17132 20143 639
13494 31817 30041 7039
13051 21746 25400 5016
2515 1599 21522 16385
24558 26928 5562 27864
28733 12034 11850 31325
598 2048 14252 23134
16923 11420 5215 498
14998 31934 24951 9066
30760 10588 18918 17541
5603 7243 7931 1251
14900 4693 23080 10428
18117 7051 27656 15314
16289 30172 31904 24740
11674 30183 230 8165
746 29198 18815 19500
12562 25548 28365 19949
13074 13128 15913 27560
26292 24874 3181 25184
8767 685 4534 25167
2903 17397 12904 17368
18466 25764 22898 2237
19370 25256 18387 148
16770 18262 95 3954
23725 19133 7864 10736
3515 16692 31915 12624
25653 1846 8343 27896
7995 24432 580 30241
12652 30487 19168 468
15366 1151 18757 1295
17742 13290 31611 17998
11827 22174 20862 1834
11054 2106 3393 859
17516 15945 25586 6630
8495 30232 17536 2449
8818 29893 26459 20890
4300 19865 2939 2728
24982 8855 1187 19458
22352 21333 489 28927
321 3595 7020 21182
24158 30442 19055 18966
10093 22959 1672 3536
1130 6519 21808 16660
12586 21205 12418 17954
21822 25634 15934 10563
4890 20500 30739 14334
4727 11922 10526 6286
2549 8135 25774 30100
3077 30070 23114 4618
6918 1677 10997 22904
18606 24828 9136 16490
25772 19911 321 2337
397 23386 8499 16521
16090 25118 17438 1899
23434 14153 17704 31716
11159 506 27340 22294
7659 26245 13530 4893
6015 31755 19391 11588
31939 16463 29959 22649
27200 198 12576 13311
24699 22507 26209 23139
26397 29147 15690 23729
27474 25377 4622 233
23919 28363 8014 17066
20951 12480 17960 10552
10527 13651 6000 7582
880 12055 573 301
813 16116 19368 17444
8918 634 13264 9401
8749 23670 27682 15928
20119 11203 17111 9601
10948 25699 10173 26554
14738 16078 28219 21572
28719 29066 28815 8941
4990 10492 30811 19047
1213 12670 4192 6905
16740 1970 9097 29044
6736 17173 3371 5737
26144 3799 397 7577
13024 9450 23969 22957
15077 603 283 14375
8439 13275 28069 6553
14262 11688 30824 31252
22582 14731 29392 230
3053 6200 17299 13946
3535 2785 4335 13226
26295 3588 24627 13591
10505 13959 20096 4075
3989 25862 18129 7371
959 17260 22841 16906
20189 16576 5996 28188
31457 580 6785 5710
9784 26807 5622 3509
20210 23809 7157 18532
22818 12018 30421 24290
21640 25442 15332 26076
17773 26239 31588 28182
29903 11109 12755 16551
3006 27119 24176 11110
264 28364 25338 29088
2062 12757 4283 13580
17408 9885 1733 27392
6698 31562 17788 12772
4261 14756 6996 6888
15924 366 20188 15346
25710 15087 10748 7642
29984 13531 19066 23258
1773 14416 23491 320
57 12346 7657 3686
26435 6367 24040 5604
23191 180 17197 26884
19623 2933 5721 21111
12209 11124 25922 14918
22246 1330 10298 17931
26058 12588 19605 18784
20189 20471 18533 6808
9595 9359 7048 8109
18177 10477 25061 10106
7985 20695 23282 25386
3032 28412 2682 5105
9133 28736 22173 16634
25725 24917 18200 2464
3205 29323 18886 26592
8992 28137 8295 30478
29858 21372 23457 4808
1411 4079 1860 25129
16576 348 27602 9022
25982 15970 2367 19134
30704 21368 12021 19445
14716 27264 21787 7426
27673 4256 6935 19266
25852 3661 3921 13324
12915 1448 9274 13727
22801 19214 30350 27736
27659 11242 18646 20521
1250 6094 22576 17990
24130 24515 28242 31521
5675 735 21709 6297
23374 10002 3471 11374
2490 29003 29868 21241
31415 1980 12126 31258
3058 7025 3146 20593
8667 28202 14596 13521
10572 23913 28886 14833
23659 9161 2237 4709
20177 17553 31925 30925
1260 21897 25142 26701
6817 6925 25599 14653
15670 10847 11026 30241
31856 1602 22784 31963
14072 27076 30566 16415
9731 13659 184 15656
19506 12851 26173 31145
19383 8135 14171 7687
26554 16303 19989 711
13563 21432 9426 12352
15800 16954 14688 25500
7377 21670 8504 17406
21546 17503 13060 1275
25169 2507 26974 19281
23393 8617 25307 15573
2342 15525 9032 19629
22145 3369 31283 6079
2574 10103 12974 25961
5125 10229 28751 8307
29534 5063 23931 23618
30265 10147 3812 14926
22908 2273 16465 17366
3006 3282 20126 3026
5988 2643 4867 11561
30729 27042 921 31012
24356 26224 15641 27170
11236 14391 23015 11918
6751 5325 14928 24591
28140 16698 8720 15102
6861 9415 20248 27165
13074 4695 28046 14982
6841 15354 3348 19425
18202 1216 31565 4314
3459 9419 10141 13267
17695 21416 29745 13269
16412 27872 6208 19917
24588 17097 30608 1525
18828 5026 4923 26000
31524 21727 30643 16602
19311 18626 19460 6463
4732 4651 26201 28619
627 15025 2498 7138
29564 24305 12596 31281
9948 29990 3026 2020
17761 25083 3690 15897
7425 20381 15939 16789
25022 31507 6422 15030
30157 27602 15962 27049
31990 18828 15812 19165
16190 17482 12047 24504
7876 17082 30457 28552
9449 19146 23950 21692
27315 22645 22952 10836
24692 5853 13751 28054
14502 12187 29118 26627
31258 9299 1694 30089
84 26251 28311 31482
22827 8637 5900 8381
702 27562 8070 9668
9353 20210 2556 24253
28874 25570 16466 13709
29484 27533 4895 15610
9637 8478 5555 11431
19615 13676 31577 22854
24150 10447 23001 11
31105 30515 30017 25689
12084 19050 30949 21195
9221 9927 16805 13392
19566 17896 7534 28332
18546 5075 9220 26409
8835 581 3326 4236
30116 9798 10002 5448
16075 21505 21650 29170
23945 11475 12599 5109
2028 21410 17694 20615
13733 15216 26896 18395
18022 17455 16390 2200
26510 6615 27116 1931
10 2487 21414 16280
4464 16904 18513 3575
4472 12232 10187 7837
22155 28358 26229 31991
17584 763 14903 7390
690 14869 6341 28616
31611 10336 27425 23099
27592 19394 6754 7560
22268 29212 22963 2485
20557 6107 20894 3003
7463 1997 4235 27634
18894 11571 25731 20681
28998 19479 570 22970
15472 5088 7501 26237
23669 16419 21960 24188
1127 15292 7915 3208
9766 31262 814 25290
30337 31463 27010 15100
31902 11192 16346 26329
12444 7235 12010 9425
28022 14501 15150 19714
14891 249 30511 19044
11804 23839 11010 13379
29877 16364 5393 7155
13391 25699 10270 25279
23637 595 27268 11298
7846 28464 23232 16442
6203 13341 51 29305