30671 3394 10627 26661
13949 8046 20638 307
19065 10053 18939 19893
31077 8815 28914 442
9956 16790 24784 31329
14426 19740 5827 1597
26100 16909 27382 27602
7401 15186 9468 19322
22271 31528 12146 4465
2896 10449 12000 16684
7246 5769 739 2796
26373 9148 24708 24468
22432 3958 18673 30391
10031 20251 14160 31478
9895 15704 29414 20617
15146 13657 2689 10779
28553 28221 4631 24539
16136 10951 25514 15568
99 4438 26478 13932
11 16407 10030 16997
27835 29049 12524 16064
20780 17633 3272 8239
26652 674 18979 23196
12183 23074 26627 14342
13431 11623 7353 4492
14124 5303 16578 7879
3513 22418 24812 20317
26367 12263 15289 25299
21310 16518 11784 12963
13785 20438 21234 25231
1113 6859 23283 27444
30389 21523 24138 13026
3281 9104 11938 10411
3396 14859 27633 5562
24926 19751 24737 6375
29290 3987 26862 136
27696 31108 27023 30345
2238 30051 6552 12991
18792 17602 9119 10105
16654 12693 25117 23640
21405 24479 15128 27489
3800 21034 24319 21585
89 31227 28374 6704
11474 24453 19858 24361
3225 15709 8391 29337
12644 7918 17536 1382
31057 22382 13934 30866
29481 25873 15430 31248
22501 5244 18788 25558
15729 30844 26548 4403
26289 2552 10194 7779
21698 1060 23664 18017
132 20728 9465 21244
19282 6625 2931 21293
18970 20662 14762 2984
9614 17645 2443 21937
23728 6415 29902 24625
20118 11369 10200 1801
1134 19717 15327 13478
23743 17880 23631 469
31730 7485 23404 2009
9744 6050 31289 6332
26061 21121 26521 20962
9414 2963 15029 15588
6407 26688 27805 29339
11216 20825 5426 29818
15769 14089 28483 12321
27475 20745 26614 24880
14577 12052 15722 17753
17703 11675 28826 22202
27249 8889 3717 105
29016 22377 5260 336
14321 8439 29723 28987
29350 11956 31115 7215
27192 24558 6727 10238
23301 13855 28206 14360
22919 14181 22585 932
24606 21810 8798 4559
27151 11077 4276 4196
16332 10969 12247 30878
22646 1564 25230 30266
29856 28642 29355 17615
22102 923 10547 30562
14941 27010 12735 24117
30397 2840 19746 483
25213 27601 5964 21156
27310 31245 25711 16124
30891 27721 31072 31861
3486 409 9023 24511
14150 9291 29274 14595
16888 504 7247 15735
19428 17307 18801 12081
7578 8981 20845 14137
27597 13023 11054 9697
26198 16633 5117 3417
14459 26147 12781 27262
24178 5456 13686 20467
29729 16216 15968 18291
24872 24301 2018 23909
1569 208 8204 2737
20262 7236 11874 28883
20372 20420 3530 7214
19215 22001 15784 16546
20423 18126 28231 9312
17913 31023 11387 11517
6328 6255 28804 17094
23533 16994 5174 342
5021 16778 29783 21600
106 14222 16713 13272
5469 19431 17128 18993
31458 13021 5046 25088
17172 8370 5942 4036
13115 31 12181 8454
18067 27386 30351 421
20048 30783 147 2923
21214 2610 22811 29667
6765 23001 31593 19567
30893 5298 8786 18581
19414 30117 23664 16026
19180 27191 27009 5714
2369 6144 31245 6710
21307 22111 4682 24247
18519 28780 5180 13266
22126 17198 13600 21733
31288 3087 25099 19137
26894 31628 22479 13312
2036 24625 29214 26521
21462 199 30194 9649
7954 25794 23339 19124
18487 24072 22906 14501
19980 16081 15487 27314
25813 14568 17198 26380
28881 31510 3703 757
2567 13789 25382 11547
27971 22633 17160 12836
349 6596 8527 12170
16310 8777 13879 10409
25359 26971 13802 29206
22391 6999 28321 26419
30873 7110 4621 7680
17218 30680 11765 3380
13089 23822 6176 22669
11723 26678 20853 14180
7937 24732 9313 10628
10806 13183 633 28220
5452 17346 25953 29107
20639 25060 14060 9340
16452 50 1156 29034
10899 30523 461 17830
28642 28293 7813 24318
28564 15742 13231 21632
15955 22709 3056 3400
4505 8010 19257 6550
1141 7332 31142 8740
6540 4705 13734 25014
7774 24211 20829 23794
21450 4649 24390 19570
726 19371 29213 27928
19623 10795 5116 10913
6358 27768 14532 22653
7399 4244 12222 27870
2578 1896 22658 29200
1606 20663 7960 8712
10605 4945 862 24639
24561 1417 12201 1473
22143 14824 25263 13184
21259 9251 12453 7919
7956 27211 24484 3276
26409 22084 25425 28221
13228 31608 15293 21535
24278 25804 15242 11419
11259 24276 31056 508
25615 12866 28734 6586
7018 25253 5125 26337
1224 17744 23537 23185
30100 1175 2393 12253
616 25410 11578 26587
17098 21563 12575 16122
24387 14986 26436 3222
9359 25987 26106 16586
26925 7486 12877 29830
10781 21320 231 16353
22503 19352 31786 19120
29918 20933 4780 19287
26790 20086 26817 26591
11508 20761 6768 11593
14229 25048 4749 4386
17842 12232 20518 12632
27730 28516 6942 17996
4640 61 27672 31528
13935 6373 2966 8307
10619 19515 11362 27875
6641 21192 1326 16498
7090 5498 11639 7603
3028 3741 16815 19815
30186 10762 4762 24652
24198 30108 25593 821
5884 13796 360 22879
362 13086 6271 20739
21490 21091 23366 9768
338 20256 1480 1979
27789 10438 29693 4833
29705 6339 3312 6284
20418 9394 23583 24909
9425 8398 23077 25449
12344 13997 10390 7982
474 17451 17707 5511
26827 9892 30751 3279
29898 18022 472 6115
12556 30309 19402 4987
31804 31793 8345 3514
8639 21542 12157 19459
6204 1506 24299 25359
2396 7421 12914 5436
1742 6644 18403 27432
4239 28517 12212 14975
20584 24450 9382 3857
11960 19904 26278 10792
9331 22735 15601 3096
28267 20687 25468 15383
1486 24001 26515 16975
496 27195 14272 2098
18251 9824 27374 4878
10181 14096 718 19681
22577 25948 11642 20334
24343 25149 19033 26000
24760 29317 13890 14031
27725 5909 8932 20785
11920 1361 103 1362
11645 977 10313 18615
29018 603 3222 4704
16117 27660 17973 26012
18221 18140 28572 548
28595 19269 20650 22620
6418 12603 29906 29958
1517 1889 27772 12024
18312 125 15784 29760
21387 13094 18389 11124
9986 24263 7969 12871
6823 24769 8881 10841
19556 5867 21075 2132
16916 1089 10082 6452
10634 8409 29931 29158
22996 26137 4877 23
31168 27432 22950 6977
28576 9634 11820 2321
333 8848 10456 748
13156 19351 5386 17600
2783 3183 20713 6444
27584 27799 20553 17087
25126 28999 18131 7319
14985 23463 15711 26415
25152 5950 5797 19067
12614 27821 18197 15925
317 19613 17411 19570
13747 18166 28167 25208
6565 593 31396 9171
13889 18353 8487 29606
1776 30317 3794 10304
11924 29809 26170 7407
4622 28327 19950 5657
31748 177 21081 11144
11745 726 7914 11526
541 20806 21106 13610
958 30586 29389 24177
7967 15605 17348 20112
20464 10292 1330 3081
28798 8417 23654 20989
3636 585 27849 22081
26466 12816 25536 13748
30270 3875 31700 31439
11561 19695 15121 29309
18483 3793 28843 17197
22496 22477 13800 31270
26925 8834 30265 795
28366 13661 17066 15872
20410 1806 29821 10012
16105 18232 25362 17758
16476 24429 12555 21236
609 89 29869 21530
23051 3901 16264 4144
17934 1952 18778 8464
29359 9537 16945 3230
19468 27215 4048 7329
17318 21980 31316 26833
544 24208 3095 18224
26180 1434 10453 5790
30023 5612 8205 6056
8270 25512 16042 18338
816 8149 9187 29173
126 5207 23904 27577
24257 23582 3742 11655
19202 27549 10132 16264
25744 128 28311 11218
13821 14228 24955 27381
16234 7185 12795 466
30212 6905 24922 12202
23759 22486 16203 8062
6819 30638 20495 10133
12660 2866 24029 13402
15062 26936 14726 4971
19903 3435 28249 26604
29071 20289 27972 14624
16975 1326 29501 20282
10806 26648 12000 21104
21618 19210 26970 24658
15653 31532 13957 2906
685 23539 28756 30916
23592 5013 370 4255
22839 23488 17190 29733
20227 19083 29306 11848
5758 10157 156 21133
750 8684 17028 287
8097 30937 17367 28442
22540 28347 16652 9775
17652 5833 3277 18027
27650 21404 25760 10063
22144 6627 30918 19749
30816 19289 11107 15252
2176 15860 19168 22130
11820 17247 19342 17625
10213 17579 17548 2685
20320 17986 13290 19260
7890 26652 19982 27895
7019 13877 23639 2977
18720 23870 28417 29589
2990 6034 26185 5677
6364 26221 5841 11408
24576 27480 3397 31947
2756 30184 13631 29988
31530 6568 26472 4522
27342 24660 8929 16401
3948 27720 30177 13757
26785 7991 22943 27677
6902 6432 1394 14138
31770 9086 56 10896
13423 23744 24307 16412
6600 14328 13241 30134
10098 9431 18382 21665
14193 29657 19980 5985
24843 19133 21124 25036
8331 15672 16487 16228
11327 24042 553 23524
6851 23441 27353 10777
16001 383 11230 27891
23161 6724 12738 22236
5182 18358 21860 13128
18241 31507 26199 20110
7506 19068 10121 4086
4196 30888 548 31251
14737 6104 23983 1363
4446 22797 8320 2260
1343 23416 29518 9593
1630 4146 29986 26430
30104 1581 9329 4296
4296 12907 22156 17729
17737 2157 15928 1122
2998 30447 17816 11473
12532 7378 16212 30894
12403 19034 13044 10344
944 8857 18573 20438
2815 28971 6048 31107
29575 2084 23871 5193
16014 14919 23921 24353
19959 17785 29656 18233
6664 16757 6033 27719
29809 26304 22108 16158
31882 16864 2813 28286
10461 9929 21218 5681
2532 30872 1797 25683
10772 6531 15380 10482
12058 5904 3536 983
8292 26246 14771 9378
30435 17825 19669 20765
23055 5002 26896 9674
11820 13830 25954 17598
22476 24302 19860 26290
22678 17887 1305 600
10565 10802 4409 237
29940 12591 20079 7946
6552 29821 5391 11462
4558 21725 4395 30714
11223 25881 20920 15835
12768 310 21229 6351
26503 26097 2028 29571
156 23658 10148 12855
29988 19994 16630 1629
22180 21770 23062 8291
2716 7239 7989 13261
3665 9361 25693 390
10191 16723 414 23672
10287 25048 14436 23642
8982 31419 25906 13001
16254 9119 22638 22171
1465 15649 17298 31088
20146 13067 16271 31625
14455 11978 1389 20958
17396 20003 6705 4714
1 12833 29187 6858
26016 31314 20112 1286
18815 51 23726 24239
1733 26344 21822 22058
18187 21296 9559 21067
2983 24473 24993 10278
23601 8432 2302 25377
15936 20220 23152 21326
23157 25964 16951 22008
29371 20749 8761 3196
3532 66 31143 30042
31736 21932 12254 7052
6434 4144 1675 20503
28683 21275 30483 8671
8915 2976 564 1983
15548 2180 8418 28889
20786 11546 6526 12075
3080 20593 5159 28772
5893 7372 23399 14581
30879 850 19988 5482
20486 6151 7031 30203
4708 27131 2734 26718
11619 11202 20815 9184
13041 16419 15694 7092
29248 534 13857 2955
8720 18151 22817 12901
48 11710 13620 12198
2626 26436 27049 13932
13248 12959 11363 2848
15676 25760 31546 589
4332 25149 31902 24491
18533 8002 21373 2183
16295 30019 27239 5183
22874 26325 31217 22567
22615 8958 20055 9109
29290 23785 4197 30009
86 19422 5527 6829
28442 26482 31615 28237
22131 13307 4711 10057
22690 13127 23352 28665
12143 19854 7322 13936
2670 18084 21341 27475
8833 4979 536 8940
9886 9129 9231 19578
26067 29614 18266 29643
23175 31449 4676 16653
31490 18915 14322 10978
29488 28060 8261 3762
11169 27100 18176 9029
16853 24765 5678 31121
21943 14855 16318 722
20583 24300 23153 15062
2108 24054 17910 10658
26122 2877 6739 1843
28576 28893 9862 24221
23445 9127 17004 9563
4677 20503 30691 20455
16406 4998 18219 5256
23808 30113 2707 20587
19788 5658 15697 17142
669 25246 10673 4953
11307 26886 17010 21606
6486 6609 11116 31394
2395 3794 13687 30876
13665 10790 20873 30077
31161 8553 16158 20961
5988 18729 31197 28389
11989 13467 10872 27521
22519 143 7892 19481
31602 18588 3434 16462
20779 22951 10221 31514
10249 19588 16684 20764
23295 17905 2619 4400
5959 12493 10957 19267
22507 23432 14565 31078
14986 2520 21422 16160
4441 20141 26022 13065
22120 17000 20994 26260
25639 26951 4431 8237
5928 24100 341 31620
15654 5472 27712 25640
30023 19482 2818 7767
26014 30628 1779 21013
27124 18743 16058 19579
8136 6629 21105 27474
29588 21200 15108 26336
4946 9626 28890 28162
27199 10524 26040 18555
2527 11867 21986 29580
9281 25015 13443 27845
31620 3174 14158 7962
27290 2593 17766 9785
27468 18205 19835 23579
15742 23101 18230 25817
5045 3974 25560 11458
26838 30419 12830 3242
25393 19146 14695 2180
26813 17422 20504 23604
18597 11446 12608 19102
7684 18431 5496 25347
20461 25149 21262 12429
21167 7448 18786 2088