30560 31164 25837 27708
23701 5610 13118 1531
14726 22479 23968 18395
21 3295 28045 1
15648 12924 28076 17923
19515 17676 19610 25244
21119 1358 23787 24485
28088 10222 5740 21568
7368 9047 31915 16727
31305 4040 20154 4677
2675 19882 25647 5586
8256 26145 23407 869
7631 23009 47 24693
5126 21059 31021 23105
1404 26775 24654 26561
20630 30652 713 18396
1264 11247 433 12251
10238 17633 30406 15902
11507 15884 11624 1293
9185 20806 31205 16978
25634 1943 21497 5702
13816 19528 28052 20392
16240 13884 9950 8085
14476 31620 888 18868
10912 17197 1285 9394
16125 18780 3818 496
24781 2462 14161 15221
13886 25465 10612 15152
13539 27975 26 26204
21847 26948 10071 27195
10787 4325 26787 523
24033 10859 23560 18994
23714 7353 2993 12482
11406 30050 11950 11805
14794 5383 29685 752
6559 30176 424 20583
2264 16536 30611 29601
10603 9054 22527 13665
17244 7993 20902 8710
3295 16283 30718 7613
15805 28730 3773 2293
29176 25883 8603 2323
8114 18671 18777 18791
9291 9635 16898 18527
11466 15155 13937 1275
128 14527 25875 8321
23781 3040 494 18546
9676 14908 31202 31932
17592 31064 31535 1585
9349 30894 26424 12600
20045 4608 4487 8387
16523 21483 28688 19841
16768 6847 8378 1364
12502 11150 26651 519
7300 1411 3459 22071
7409 23925 14397 921
15452 30652 12817 9568
28027 21572 13069 11253
21858 24800 6790 16106
27815 9696 14681 28211
15300 8421 4470 915
14012 16884 11936 2132
31746 16074 31854 21307
31382 12399 15766 12987
17265 12046 2154 1897
2595 24580 27811 25264
6331 10807 9822 200
15079 1193 612 7390
25692 4941 22446 12960
5752 1561 14889 22486
18726 28252 19126 27496
23299 340 18549 28298
19647 26357 18243 28980
19397 18455 12161 8914
20510 26286 27416 23358
20882 7535 25529 12267
22545 15262 13930 26979
27474 17956 16446 27891
9658 20194 26723 28324
28287 22085 19298 624
7949 27418 11171 19369
6057 31908 19248 7620
1876 4844 4794 31033
27378 24921 10721 25024
1963 26496 25776 8900
25746 5181 10855 11027
1924 7939 14718 20697
31059 2928 27878 4559
21796 2853 26258 9136
26390 12756 17206 26861
7717 12186 15183 7585
21837 1424 21859 20679
14322 26781 3466 173
17791 18062 5677 22942
14414 8552 5646 10734
21448 13564 1928 13845
24013 6845 7449 10801
18262 24527 20253 182
18520 16736 30428 12893
29420 827 6855 617
430 5274 20479 15616
25954 30524 21783 9212
21982 7352 18971 13771
27172 11793 10705 24744
31694 29066 26686 13332
22959 17084 23148 14723
3511 20709 19307 17749
14871 6019 25238 21511
20902 17698 16151 18347
12163 1138 27822 6549
20988 23452 5550 21592
15535 5590 5704 27121
17903 27446 21771 14913
21354 23235 1196 24001
18952 27346 13059 2161
13590 17296 18775 6417
26787 22491 25051 10388
9002 4182 5752 11730
29298 11452 11469 2429
24499 20340 17269 3670
9978 26470 25736 22944
208 27662 8548 4053
11540 8142 7085 20889
560 19593 8082 31980
23405 11885 13138 3747
21407 272 16383 14361
20743 25279 14211 36
31606 531 23520 28224
23989 18884 3004 21274
13861 452 14364 22825
15011 1154 26480 6837
21422 15254 27088 4608
4812 11905 8837 19649
26665 201 2763 29651
23426 21582 20949 31535
19521 6361 15890 3608
31978 31224 13231 2965
28085 24330 1117 10020
19069 12694 27732 429
28632 24033 24727 20149
19336 16831 4730 22996
7186 171 19554 105
21420 23568 3021 29580
8796 17137 31890 22084
27487 25514 14697 3066
10696 7436 30125 19246
2153 17329 29793 18537
12534 17551 28786 3443
5736 21966 23099 20677
16032 10711 3662 24897
20301 22702 26994 31265
25103 29569 24040 4910
25565 30337 28147 306
932 3312 12183 31407
29744 23419 15776 21713
1360 17611 14822 3234
22581 23639 17616 28797
13084 31612 3607 199
14381 11471 25292 18134
930 25010 23709 30012
29995 9765 5716 15396
10385 18143 2464 20239
24986 7582 31256 12494
28462 30651 4477 28330
18871 19201 4415 7139
28878 11455 15683 8540
19475 16156 25572 13716
4956 2219 10040 4312
531 27199 27540 12727
23001 9985 3922 17847
30831 12991 20433 2630
1239 14983 704 14835
30646 7029 29330 23006
765 15305 16732 31597
7368 31292 19649 17985
12679 10133 8257 24169
16731 15991 6844 31445
27843 19837 52 16397
13431 18313 22740 13091
28820 11864 16689 22757
17146 19290 4049 21848
2290 27329 29674 8034
4117 19672 29035 7367
4713 16791 24128 14935
15820 8820 17618 21605
19094 7803 20430 890
25978 3233 9000 8523
28845 14422 18015 6633
24650 23641 1026 23864
13814 16336 25203 1186
24512 10648 6635 268
332 7642 11198 25865
22062 6623 483 8014
28827 16933 9641 14695
12095 14002 12501 28328
22378 424 13263 12133
22640 21530 24111 25702
20815 1310 20097 1685
6545 1827 584 24314
20852 18309 1859 745
15689 11359 20974 24698
28698 9377 23884 28474
2447 356 30692 22816
2834 30583 25097 12227
2098 15428 8543 457
13893 18642 11675 25763
8018 24610 23178 18040
31790 3521 9045 7262
31204 26013 15107 16592
28250 30231 1599 5725
16434 8281 25180 17053
1519 19178 23958 5481
8281 8831 17563 28747
21538 23829 10570 16948
9929 13116 18106 27501
703 950 26238 7632
26313 21824 11047 3384
9381 10928 25611 1078
29424 23872 20037 12550
22087 28970 26365 16065
9645 6261 13034 3795
11820 22542 7956 9904
14783 794 24287 9667
114 139 27461 22439
12990 3825 1891 13978
24641 31379 28215 29231
5521 31167 3496 20035
7779 9054 29382 28209
28917 13259 19284 24650
23469 5094 8324 129
13821 22116 12033 29025
6281 8041 50 334
24716 10840 10430 20958
631 25066 20555 176
28636 15997 26252 26683
5259 24239 10618 18979
12027 3628 24801 2966
2027 11972 29471 5641
19784 14273 14120 28207
5202 16247 10190 10789
18171 17180 23616 6125
143 8410 27088 10269
7578 30755 4857 28888
775 25669 26528 23806
24709 17726 15002 23456
29231 2769 4207 9143
1387 13785 27485 24597
17682 990 6304 22427
4306 30950 25329 26029
25553 15245 20045 22243
3731 30552 16631 259
18462 14663 15808 5418
23132 31401 4998 16208
28096 20020 9723 15855
14380 25429 13223 12027
4883 21445 15665 26391
15579 28509 29146 15367
18821 31275 17738 21352
1679 4293 4751 18846
22041 9949 28771 17679
17736 21526 6829 18831
25064 25366 5451 24602
4949 22237 27663 26313
31387 23125 13319 7423
7644 20010 12802 16355
25330 26843 19023 19220
7510 7442 7624 12696
13120 14897 30736 8981
7696 31533 29464 12611
18925 30623 29672 27041
6316 11032 25756 14183
3059 1717 20396 8636
23198 16628 16497 14890
30049 22470 3301 20303
16047 30950 27819 14293
31195 17512 335 18852
13694 7573 13262 20821
13592 248 2905 7658
7674 433 24918 29885
27491 3087 5800 439
28137 30564 11824 6082
23066 23316 28819 21889
10852 1257 64 574
22578 23213 27816 14116
12376 27895 26583 10414
18097 11332 22822 9311
19718 29769 6725 5812
20786 24968 17281 11607
9860 9506 70 27029
359 19180 3298 14098
29755 9668 16779 23227
4237 22054 20132 19965
1895 7930 3644 23092
13824 31920 3800 2151
9114 12943 15218 14642
2474 16970 17601 30979
10041 469 12219 25738
25482 17270 11609 12650
1021 17439 8090 12085
31027 21499 28618 21655
1907 27975 6660 11473
20044 11619 4598 14697
29564 25641 25828 7200
29969 11645 15599 7461
26318 18725 10648 24968
7888 9436 20864 26097
5490 19617 29041 4498
31853 13653 19618 30042
20804 5509 29239 2924
28383 16517 31752 2767
25205 14270 10915 9063
1968 26184 660 13860
12300 15036 20196 23929
22913 4931 11487 23056
14433 12275 1306 14268
6275 8028 5557 16047
22945 22877 29150 1261
2815 31805 6806 13312
27213 24566 5304 22253
18895 29652 8247 17512
8635 6719 29863 31044
20707 30421 9983 30509
20627 25277 7325 31641
24509 31543 12170 8956
26963 377 26624 19515
10741 27315 28457 20580
22732 4987 7978 25244
22454 8521 21600 11353
11939 12121 25577 31185
22079 31674 23399 2738
5585 23974 28160 23315
30818 30223 12970 30890
7459 20090 6053 14400
26377 23056 12104 24419
20410 3314 14849 5723
25004 208 4504 13919
7563 17840 22963 18440
20188 4634 6559 17925
5089 7510 9037 30737
7356 267 27547 31266
26070 5903 14293 17379
29058 23676 17532 17509
17630 2822 18758 26129
11258 23691 359 3810
2365 11500 1804 28881
13316 28188 25904 16016
10891 8822 23180 6266
6929 20820 23271 17867
2103 10717 29593 3596
3242 18462 19532 18130
513 20573 9472 27048
3817 21673 30034 17994
24703 14518 4349 9492
4861 2024 30113 28089
3481 29102 9667 9784
21930 24593 13589 24076
7437 23693 27128 22947
4039 14111 6208 4626
9451 9119 6455 23815
30399 16720 1252 20735
26138 16566 4237 14777
3344 7079 13946 12522
17617 5029 2812 12082
17103 27243 25262 10575
4383 2246 11771 3473
26146 1958 11744 13709
8036 20341 26099 8214
25540 16807 28581 1897
12502 8339 4804 10152
22405 10625 18244 18826
11261 5380 1086 25936
27848 29066 57 29179
9526 3121 18089 13500
3843 23516 18101 9388
14132 8839 16189 14013
27202 14551 11292 9712
11130 14325 6314 3017
15268 30109 31621 23809
29411 1650 660 7802
29148 14997 24126 26232
28186 18549 12042 271
7601 6633 20550 14037
1570 28540 19740 18660
12927 19975 25809 19709
5328 27270 5960 9988
5812 2084 23240 29878
7500 31896 24318 21656
1108 20148 326 6445
21651 9019 22054 15468
14710 27636 27675 10097
31224 3324 11161 8819
30916 27744 30797 246
672 8171 30629 24130
23039 11581 8338 277
767 4125 30861 9618
27256 31505 8664 132
5481 1579 7942 26306
7576 16421 28605 5609
21628 21937 27323 13138
3417 17162 30999 10821
21165 17359 5833 14953
2763 29969 15469 19071
20422 23979 5700 21328
402 20689 11388 30436
16739 24300 24753 6133
6496 18597 25779 1443
11127 10304 3722 3946
21638 17708 11703 5456
18629 17880 17853 26723
16993 13256 20960 3938
871 1511 30253 17339
12004 9503 16826 15029
15691 7975 26159 3823
4118 31644 2181 24073
26800 26452 3854 28321
18067 10735 4278 29313
28845 6574 18824 14614
11785 393 14452 26149
29099 11643 19023 185
190 4385 13851 28256
16871 15491 28297 11926
30978 4914 19644 27266
18929 31123 22608 11488
28615 27770 20635 22079
11567 14074 23346 8556
3851 14972 31663 19502
16986 17 14514 14387
351 29183 4646 6219
23552 12457 11462 214
24428 3469 22239 23157
24832 18853 19031 18960
28780 19446 20462 14577
13585 6500 10180 14924
15022 460 23324 8934
28988 8522 23391 15378
25622 26850 4708 8927
27741 31040 18414 10128
25243 11480 118 16716
5030 17971 14635 27159
31944 19338 9528 30465
4892 16531 20549 16541
6715 12955 19008 12213
19992 19157 16477 572
25641 23282 10075 23684
10184 6129 23306 31410
13784 30521 22282 5742
7083 25061 27861 21727
23843 12895 6911 20694
9752 12336 27069 5449
11002 280 28837 7172
31928 11863 27060 9371
21472 29014 30101 30627
5895 4708 29984 27169
8299 14040 7202 13635
1751 4962 8540 30286
28103 2972 12238 27352
8397 28642 55 15671
309 19812 10706 30009
29922 1145 19821 24854
6530 6455 21914 2722
5859 29248 6459 3271
158 31198 17734 23859
14066 21843 1736 24142
7931 9834 5674 19823
2563 2898 1971 24911
14638 20652 1359 11454
607 2531 21903 6548
12121 956 21488 4075
22564 17710 15968 7563
15539 4723 31742 12710
25027 9823 16674 16582
29958 5617 13469 25859
15489 4648 31298 20089
5426 31767 18085 6137
17655 574 24610 21503
9131 9742 12577 26084
24466 7381 20377 31573
24823 5822 7635 14852
4371 2351 26737 30109
2097 12632 9646 508
26384 6155 14823 30109
24457 1997 25947 28756
12401 10541 16175 14910
6337 14676 25013 20215
1524 3806 11245 10509
433 24808 15436 25013
8874 1130 2237 30909
1220 5064 14310 22722
3192 13475 8108 27555
31097 28661 3321 21301
3223 20573 14524 6713
17635 15031 3634 29067
30740 13552 9829 19868
18985 3864 7410 30753
18512 8889 8718 27149
11015 7272 28107 445
897 921 30872 26995
22603 29880 7431 16902
29999 16757 1748 26072
29273 27487 4898 22535