30864 14958 16037 4604
687 10348 7664 24206
10208 7765 10213 22491
26551 2008 27532 6811
19354 22534 1725 10261
583 15611 6965 22242
2940 14017 6634 16627
7161 5489 22684 21206
25002 8859 9645 24628
25881 31208 20018 24991
23852 21758 19018 16266
24078 20132 943 20121
29805 24871 27274 24860
230 9212 19596 4566
26557 3238 8762 11266
26834 14043 18056 21656
13264 30690 19626 22732
3240 16703 26663 17879
5182 5778 6959 11771
2401 6845 7982 16065
5633 30789 15265 3206
31900 10491 555 14133
14842 24795 3805 19542
28442 8244 743 2632
10092 12553 28485 26826
20289 5047 19446 2753
28287 7897 1851 55
31641 22121 7986 26524
23230 15912 14249 4443
23889 11071 13620 24714
21914 22822 3708 13815
4795 17861 18394 19054
22757 6361 19749 28984
10699 6810 7624 25570
29015 157 537 31552
27292 755 10467 31152
20749 10135 8267 19107
12780 7697 13526 23386
29189 28496 21439 28910
23451 12246 9616 8083
18595 19994 10738 18205
15664 4910 17860 14532
1583 5791 30570 27172
12372 10653 9576 22920
27476 93 15151 1895
11605 2233 2102 10543
10914 28961 5453 31042
30116 31406 25647 18494
23310 17300 19798 13186
20055 20156 28691 9454
31341 8622 26845 747
19112 31156 16874 8105
766 23612 20988 2735
9844 1663 128 658
477 96 3535 16123
12476 22167 4830 14072
22670 16398 759 29550
17960 12939 3292 30696
637 10896 20504 26264
23423 10880 28560 6301
18798 13570 12891 2945
6193 18090 9939 18438
21015 4823 31724 9762
205 2007 1221 4680
28043 24146 6781 14313
12683 14309 20552 13627
10943 4365 11714 15417
10435 2631 25475 17643
26129 19573 11763 13543
8564 3204 23135 8216
27583 29260 8781 1726
192 26295 20749 13494
10861 3366 26513 9724
16744 27664 12927 5230
30115 2284 1667 4818
7259 31570 5866 22811
22604 15197 6765 9704
1317 12115 12874 22862
30521 15496 18330 11479
25463 24447 21214 11466
924 3923 16859 22189
19111 28757 28584 265
15757 6647 25349 28781
17455 29673 18158 15797
1673 28289 20848 29068
10796 6752 3260 31024
1006 25427 13946 22646
4576 29303 10591 15629
20864 31649 1282 22278
17968 31228 2027 6804
17383 8180 20461 20241
21031 341 29879 3906
15151 9898 12453 7900
7025 19699 3036 14663
1350 11380 15765 15777
3297 13287 14265 23558
20609 15575 4271 10255
20715 21069 16241 13464
11800 19116 24038 7367
7211 14554 25964 7754
9382 30880 6579 10463
2012 23124 5586 1818
21162 12725 12180 1123
31842 19478 9491 13374
8456 4543 18569 16079
11201 22160 7778 22173
1416 7655 8598 15254
7203 21956 8757 28499
21845 19755 29252 416
16982 27082 21703 1073
10112 24796 25375 18625
11339 30541 23702 9275
18299 3359 5177 1102
15256 30732 28902 15401
14239 29037 13221 390
28663 7002 30779 15079
17318 24851 9213 799
16837 13982 14051 1557
9009 31666 13021 6853
3204 1492 3434 16007
11332 5568 24422 21908
2394 15370 18211 21702
5573 28933 12476 14495
22927 25572 30886 28045
18944 17695 7304 3436
8467 4121 28237 5709
18726 6143 121 376
12533 23539 10934 18858
7113 26218 6585 938
16877 15314 30020 17403
21858 7289 14723 7914
16083 7594 30878 10190
9931 24089 19853 26765
7974 22912 28974 29281
198 8075 9620 27612
20871 29170 27554 16426
18036 3556 14041 21399
13883 9388 4975 24912
4062 18319 29345 26222
10668 19187 4426 15920
31856 25799 11443 21384
7912 2590 31149 3034
5496 20509 4573 20224
18976 21528 19288 20625
16556 28408 11888 357
23338 14304 207 14414
17057 6672 1215 13619
18432 521 8146 14653
20821 26097 13219 359
10047 11578 1523 2111
13990 15231 11514 2025
6825 8878 2301 23910
728 16492 31779 12567
18852 19125 21637 2172
20243 4035 7300 9538
27577 27954 17759 21885
4067 16993 24581 6450
25365 25115 22567 16664
30647 18295 26002 27295
26379 4604 10172 52
26978 3337 8092 3257
16016 18036 31679 17763
31389 30834 27289 17570
2749 19127 26393 887
1666 11998 13184 13807
8529 23562 30322 17390
20499 11726 11853 16171
30508 27210 28347 31356
13489 13207 7299 9812
6869 10342 7077 5769
28325 30691 9125 5467
16118 27872 11815 26547
26523 13359 13244 26280
21723 25167 11004 21063
6946 31820 215 16788
14070 2016 26914 21452
2349 26334 31359 1773
25437 464 8284 22392
14485 1503 81 3446
17994 14836 1969 23225
18836 12061 27234 11876
5275 20530 1004 25006
6219 5304 20175 8674
13904 23301 26138 15274
28478 11685 17721 11150
16655 30717 14863 6072
18899 28206 15685 5882
675 11325 9441 26898
9943 20592 25882 1068
7033 5371 21354 7080
27385 11483 8166 1054
10529 26627 30923 6303
21324 25270 3161 1342
211 17460 23780 6863
30665 20632 6952 4079
31208 20993 31453 21317
24010 7408 13707 21255
18525 13297 12192 23999
6801 20094 29632 79
26451 18208 30812 1330
1471 13527 25478 30982
5009 13244 16643 22599
31709 8421 24226 19038
22017 19849 17101 3546
12503 28004 29022 31229
7727 17501 29364 14714
4732 22375 20741 8829
27853 9381 759 20460
15103 9937 25192 24556
3633 10206 25237 31656
29561 9948 20573 3150
25813 21789 31194 16729
18021 28310 12858 19478
17367 29063 15054 29793
8738 31071 16990 27312
22903 16602 28352 31572
2932 3948 9384 1787
10652 5602 450 25720
24580 329 15614 4039
6222 13060 24876 19019
10459 8524 5576 4187
1085 31415 27159 2045
31979 14893 22131 19697
28985 28678 26594 15858
29575 6511 18926 12088
17080 1808 8881 9793
9958 5868 30000 721
1619 17800 236 14648
18083 23119 15792 467
20041 13109 9910 8661
14912 29595 8171 12615
7163 6770 21126 590
21406 17316 30177 3501
23150 6319 3467 2186
4486 13459 19865 1909
26829 497 6460 21158
29220 16999 20377 20358
13540 584 23252 9074
21895 21359 13678 29627
26021 15463 22994 26353
28707 24785 20522 19297
5543 31753 20087 1756
19790 28422 7905 13242
7586 25986 16459 3871
25030 22107 29995 7293
28404 25402 13465 8794
11818 23410 12710 25684
289 26155 27886 15970
29052 6079 1137 1372
15689 30308 13726 20670
27557 12812 17841 4521
9915 5001 17471 6954
12273 26357 23567 705
22370 25937 9772 26647
1935 24940 13112 18202
14673 15366 16131 3881
25619 25398 16989 19623
15933 24841 22312 18872
25075 15724 8881 8008
10752 14156 14912 22352
23309 6395 13805 1108
27927 11222 26038 29233
2336 3877 23759 21525
3876 30274 18233 5071
14414 4606 15766 9801
10604 10560 2876 2386
2465 9455 6792 20129
29017 4882 31604 22551
17794 25910 14444 10565
21242 28176 27998 29230
15939 25188 21777 14158
7038 24870 16567 15067
17047 18142 11717 2890
13245 20561 28162 23317
8213 20573 5598 1468
27311 39 9478 26122
13753 6254 7477 24985
20466 30537 31565 19864
5730 11507 18086 4300
7753 23801 10918 9941
15189 30879 20114 26803
13847 27523 24483 16008
18104 31614 349 7839
10216 24523 6172 176
22040 21355 8688 5208
20201 9927 4522 7670
25828 5272 24631 29847
31595 24068 18477 11845
16111 29193 24484 8075
11620 9247 1095 26420
754 13849 19883 26452
24302 14669 31199 20365
13576 2804 2116 7307
24262 28628 30366 12497
24881 4892 21612 27320
15054 27791 8309 23476
19919 20964 9380 1242
14987 14189 17429 15519
15916 25592 28528 8675
27047 7155 13174 16430
17650 2003 5593 18745
12913 22966 13393 1968
9905 30278 23020 28470
2136 9441 424 28074
19548 2808 25913 25000
8820 30389 19254 23123
17868 15585 24405 1106
17917 11780 29193 26649
23612 26318 5208 23914
8401 695 6378 22555
13516 24544 11104 29209
13299 14148 29159 22189
766 25613 27916 29438
19975 18239 2514 4056
19260 19613 6657 14507
5591 10698 9922 5079
13648 6318 20841 4134
9424 4379 13970 2970
28394 17840 1903 22378
12678 26622 19808 15687
7709 30698 3012 27107
18988 8786 13328 24756
25570 29428 8222 23798
7964 23947 1735 17391
28308 25146 7859 3190
23893 20782 25456 16310
7283 29056 12482 30512
6392 3928 10298 31743
11809 13656 5386 27488
18379 5432 16920 1137
2344 25517 30289 825
19382 11152 2880 11497
2674 23612 20959 29025
3401 5944 14765 17910
26831 278 28160 7539
9779 6554 23965 8541
10099 24351 24710 4220
7116 16695 28691 26262
6261 9874 9540 12670
10636 2593 29014 14158
28497 29562 17556 20976
7058 20095 6000 9187
25446 26170 2514 2619
14622 1804 3248 28650
25209 3079 18911 26175
16151 23448 15913 9900
21296 5993 14751 25036
27270 901 14896 678
26520 26814 21627 13610
4889 30284 7906 4867
674 26294 21216 29073
21921 27638 6300 24109
7068 9944 12478 28081
20116 11683 28801 6202
24259 26107 17417 556
25740 13830 11000 22134
8625 20686 25404 5655
8902 8678 13866 225
5350 7249 7121 31612
9124 28831 10376 5807
29508 28249 30922 7131
2860 5279 3908 17096
17557 5648 22827 29860
4486 21482 19667 16457
12291 5234 22142 25535
7554 30871 1906 3842
24222 29906 15182 17413
28431 20816 10141 30710
28122 30035 2476 22980
22981 470 26265 25055
29198 626 4525 3903
3932 9082 27883 30119
2294 28788 6121 299
31283 13733 223 4848
31794 12802 3070 23347
10186 24145 17667 5260
29636 8846 20235 1140
17224 31374 1705 25862
14486 19938 2614 7170
8183 512 7272 25367
1778 30107 5414 17762
21442 10329 21659 5682
28936 27049 27786 17678
25022 31722 29665 13049
20844 12498 14480 27892
29854 6160 17307 28613
19861 303 25454 22775
10557 21694 12402 10530
26719 2222 16349 31596
26904 13307 30926 22096
9354 1423 16281 31134
21713 8803 27487 19907
14136 12007 14819 22603
16045 1956 13720 22948
19059 27935 16895 30757
13591 9985 16943 7246
20389 25206 3509 25170
7451 20435 10143 17618
25118 17275 27604 25836
23788 24067 9895 4980
14738 662 19115 643
5727 2705 14536 11820
11416 14714 20110 8084
29037 3089 11978 17702
17196 4027 30807 11547
30389 1832 24375 1857
22830 13622 23522 26367
31224 20243 25822 26259
20705 22946 26256 3999
5275 30241 27986 11492
21869 25096 13766 26957
12328 11828 5993 24623
11613 28996 109 719
8397 31044 25022 30501
7457 16521 367 21471
20443 10715 10543 23977
22925 18394 3388 10668
30280 13210 14175 18772
2648 13969 10316 25431
26414 19379 24885 24051
23710 15323 7832 377
27211 22893 13659 8708
9567 7993 17946 29589
9855 13987 15040 17213
5118 10497 16980 25264
7248 16453 16150 11013
29890 23260 23243 4026
12393 14038 13653 25337
856 30790 24966 12057
17942 28396 9270 18792
19792 24337 10643 552
27082 20915 9401 5591
9371 12258 3459 17332
2970 11626 28832 11646
8724 18098 1513 25727
18880 21988 241 18377
14324 846 20446 6080
19224 5385 15480 25304
21596 25048 9088 12192
10662 27474 13891 2048
5070 25412 31343 18878
27918 8273 31780 24647
948 17883 26190 19373
5402 8999 30003 6380
29912 3515 30536 12145
13368 15115 20553 6109
24043 23893 12936 8198
6650 1994 646 62
19967 7662 6336 26073
3476 21057 21963 1769
28428 30751 15523 9036
6241 11493 1857 5865
6254 7253 26987 24886
24670 25660 30160 17918
29029 23377 22868 27489
4782 16225 24745 6428
9108 3753 31775 12
24084 4228 13757 6379
7554 20806 19856 15717
126 5479 28739 13896
25885 2020 15344 3094
21106 10210 1846 453
31282 14740 7820 7609
4009 15968 27604 8479
18678 14397 15412 26715
29558 15456 6177 16853
11392 6423 25020 24574
4691 4853 11618 8082
332 49 2174 794
12637 12614 8866 1972
18362 10726 3287 14102
12501 17679 817 6865
22157 29042 29862 29907
1698 19230 15647 24880
7533 27483 17872 17698
18638 28630 711 12110
30565 1 27838 3400
18437 16304 10813 23130
3429 12815 13021 11137
14873 10165 18917 15545
18625 25872 17693 25466
29825 17925 10465 2691
21937 14298 19059 6870
14037 2644 27798 30212
13775 23580 2648 26026
1363 9831 17455 9276
25244 11222 9031 25345
4957 20123 10011 29023
765 4574 20803 26969
15865 19039 9100 1366
7860 16988 17486 804
5712 21685 15610 14396
3826 17230 1779 15176
31791 19637 23199 18146
17093 17669 29885 14751
18569 13834 17913 22348
16545 19109 16573 12151
2035 2418 14667 19762
9693 8873 3081 5139
17703 21826 285 28287